safetyvest 0.32 416 196 423 207
safetyvest 0.39 60 242 78 261
safetyvest 0.49 425 217 431 225
safetyvest 0.53 415 194 422 200
safetyvest 0.53 505 229 514 239
safetyvest 0.69 503 226 516 244
safetyvest 0.82 69 289 87 307
safetyvest 0.87 142 223 151 232
person 0.32 423 214 432 236
person 0.61 68 283 88 320
person 0.64 60 242 78 261
person 0.68 309 177 320 201
person 0.73 141 220 152 240
person 0.78 415 191 424 214
hardhat 0.30 65 240 73 245
hardhat 0.36 143 221 148 224
hardhat 0.43 415 194 422 200
hardhat 0.56 505 225 511 229
hardhat 0.95 70 283 80 290