safetyvest 0.34 177 259 204 295
safetyvest 0.42 236 246 257 278
safetyvest 0.48 209 218 229 242
safetyvest 0.55 148 220 166 239
safetyvest 0.64 437 162 451 177
safetyvest 0.66 408 215 426 242
safetyvest 0.78 607 228 629 263
person 0.31 0 375 11 450
person 0.33 355 145 368 180
person 0.41 178 244 211 327
person 0.43 233 237 264 316
person 0.56 603 218 634 301
person 0.60 407 202 427 274
person 0.65 207 211 231 262
person 0.76 257 182 279 231
person 0.78 435 155 453 200
person 0.83 146 213 169 262
hardhat 0.50 462 171 471 178
hardhat 0.52 411 205 422 215
hardhat 0.60 440 155 450 162
hardhat 0.66 151 211 161 219
hardhat 0.74 181 251 198 263