safetyvest 0.31 224 378 230 385
safetyvest 0.32 535 435 545 448
safetyvest 0.47 575 434 588 454
safetyvest 0.50 549 438 559 455
safetyvest 0.69 263 379 269 385
safetyvest 0.76 210 370 217 376
safetyvest 0.84 241 382 248 391
person 0.32 264 379 270 390
person 0.37 222 376 232 395
person 0.54 575 434 588 454
person 0.77 240 377 248 397
person 0.83 534 432 545 455
person 0.88 548 436 559 464
hardhat 0.57 576 432 582 437
hardhat 0.63 240 379 245 382
hardhat 0.71 551 436 556 439
hardhat 0.77 537 428 543 432