safetyvest 0.32 350 178 362 199
safetyvest 0.33 10 240 28 259
safetyvest 0.34 223 231 245 262
safetyvest 0.35 424 291 449 324
safetyvest 0.42 102 244 117 263
safetyvest 0.53 18 281 43 315
safetyvest 0.59 75 247 92 269
safetyvest 0.60 145 270 167 301
safetyvest 0.72 412 194 428 210
person 0.30 222 223 247 295
person 0.33 349 175 363 213
person 0.35 199 159 213 185
person 0.39 100 236 118 288
person 0.40 8 231 30 284
person 0.47 121 228 139 287
person 0.53 269 169 285 203
person 0.59 220 159 235 201
person 0.60 72 237 93 296
person 0.63 410 188 428 232
hardhat 0.58 364 255 378 264
hardhat 0.61 25 267 44 279
hardhat 0.65 426 280 443 292