safetyvest 0.32 423 406 433 423
safetyvest 0.32 231 389 239 398
safetyvest 0.37 375 411 387 431
safetyvest 0.49 417 415 424 423
safetyvest 0.54 400 422 411 438
safetyvest 0.57 424 408 432 418
safetyvest 0.58 479 398 487 407
safetyvest 0.67 256 391 264 402
safetyvest 0.76 358 368 365 378
safetyvest 0.81 501 399 510 409
person 0.41 245 390 255 412
person 0.44 237 386 248 409
person 0.48 471 390 482 414
person 0.58 423 404 432 433
person 0.66 230 385 241 406
person 0.67 415 413 426 440
person 0.68 357 364 366 385
person 0.74 478 393 488 415
person 0.74 256 389 265 409
person 0.78 500 396 511 416
person 0.84 399 421 410 449
hardhat 0.49 426 405 431 408