safetyvest 0.36 416 383 428 407
safetyvest 0.41 210 451 233 490
safetyvest 0.42 411 365 424 382
safetyvest 0.59 191 460 210 482
safetyvest 0.61 397 376 411 398
safetyvest 0.65 359 368 372 383
safetyvest 0.90 212 457 231 477
safetyvest 0.94 190 416 205 437
safetyvest 0.95 324 369 337 388
safetyvest 0.96 173 455 188 477
person 0.41 395 372 412 418
person 0.67 358 364 373 398
person 0.86 211 449 233 496
person 0.88 190 455 213 495
person 0.93 189 409 206 458
person 0.97 323 362 337 409
person 0.99 173 445 189 501
hardhat 0.41 402 370 407 376
hardhat 0.45 422 380 429 384
hardhat 0.48 193 453 204 460
hardhat 0.68 327 364 334 369
hardhat 0.77 196 451 206 458
hardhat 0.89 194 411 202 416
hardhat 0.94 177 445 187 452
hardhat 0.99 215 448 226 456