safetyvest 0.45 210 354 226 373
safetyvest 0.61 289 346 324 387
safetyvest 0.80 340 349 357 367
safetyvest 0.89 323 345 339 364
person 0.58 157 344 170 367
person 0.68 82 340 104 388
person 0.84 321 338 341 385
person 0.89 338 342 360 382
person 0.95 288 326 326 445
person 0.99 207 349 228 391
person 0.99 129 336 152 391
hardhat 0.36 89 336 98 344
hardhat 0.40 221 350 228 358
hardhat 0.41 345 343 353 347
hardhat 0.55 158 344 165 349
hardhat 0.77 324 338 335 344
hardhat 0.93 135 340 145 346
hardhat 0.98 299 328 317 342