safetyvest 0.32 221 359 234 382
safetyvest 0.34 286 358 298 373
safetyvest 0.42 281 341 292 359
safetyvest 0.55 215 357 228 375
safetyvest 0.56 328 366 340 383
safetyvest 0.79 365 374 377 397
safetyvest 0.83 270 372 283 390
safetyvest 0.93 380 377 392 396
safetyvest 0.98 227 416 242 437
person 0.49 214 351 230 391
person 0.59 327 359 341 402
person 0.77 268 366 284 407
person 0.87 379 371 393 416
person 0.91 364 366 378 411
person 0.98 225 407 243 459
hardhat 0.34 224 352 232 358
hardhat 0.48 286 337 293 342
hardhat 0.48 274 366 281 372
hardhat 0.80 384 370 390 375
hardhat 0.89 367 369 373 374
hardhat 0.97 230 408 238 415