safetyvest 0.30 247 242 271 274
safetyvest 0.35 226 216 244 236
safetyvest 0.46 418 213 435 238
safetyvest 0.47 161 211 178 232
safetyvest 0.51 446 157 462 175
safetyvest 0.55 261 181 277 201
safetyvest 0.59 0 359 18 400
safetyvest 0.75 618 230 640 263
person 0.38 245 228 274 310
person 0.41 365 142 381 173
person 0.42 0 335 22 447
person 0.45 222 209 246 260
person 0.51 618 211 638 312
person 0.56 474 172 494 205
person 0.68 155 204 178 254
person 0.74 416 201 437 272
person 0.76 445 150 464 199
person 0.76 260 175 278 222
person 0.78 184 239 220 321
hardhat 0.41 420 202 431 212
hardhat 0.46 161 202 173 211
hardhat 0.50 479 171 489 178
hardhat 0.57 189 242 208 256
hardhat 0.62 0 340 8 359