safetyvest 0.51 71 298 85 317
safetyvest 0.54 72 301 83 311
safetyvest 0.59 125 366 139 390
safetyvest 0.83 31 352 44 370
safetyvest 0.87 139 363 152 382
safetyvest 0.89 110 364 123 385
safetyvest 0.93 87 354 102 373
person 0.75 71 298 85 317
person 0.84 125 358 139 404
person 0.90 86 345 102 397
person 0.90 98 365 113 414
person 0.93 109 358 124 404
person 0.97 31 346 44 391
person 0.98 137 355 154 401
hardhat 0.43 101 368 110 374
hardhat 0.46 33 346 41 351
hardhat 0.58 137 357 147 362
hardhat 0.79 111 358 119 363
hardhat 0.83 128 359 135 364
hardhat 0.91 90 347 99 354