safetyvest 0.30 162 345 193 378
safetyvest 0.38 251 272 273 311
safetyvest 0.42 593 400 632 439
safetyvest 0.48 401 306 424 339
safetyvest 0.52 84 258 100 274
safetyvest 0.58 414 279 430 303
safetyvest 0.71 464 308 486 343
person 0.30 351 281 373 337
person 0.35 465 296 486 384
person 0.35 385 270 405 328
person 0.38 153 332 193 416
person 0.39 291 203 303 232
person 0.45 219 218 235 252
person 0.54 251 263 273 333
person 0.58 369 265 388 323
person 0.59 459 255 480 302
person 0.60 412 267 431 329
person 0.73 592 383 635 486
person 0.76 82 250 102 297
hardhat 0.33 463 296 476 307
hardhat 0.35 463 255 473 262
hardhat 0.55 85 251 94 258
hardhat 0.71 600 379 624 397
hardhat 0.75 158 309 173 318