person 0.35 359 398 373 422
person 0.39 180 304 191 326
person 0.42 345 428 356 457
person 0.43 387 383 400 406
person 0.45 342 321 352 346
person 0.46 182 318 192 342
person 0.48 290 368 299 389
person 0.48 228 328 239 349
person 0.48 278 328 287 353
person 0.48 205 319 215 344
person 0.50 373 347 383 370
person 0.52 230 357 240 384
person 0.54 297 317 306 342
person 0.54 329 384 340 405
person 0.54 414 312 422 337
person 0.56 341 399 355 424
person 0.71 360 319 371 342
person 0.74 277 370 289 393
person 0.80 219 376 232 400
person 0.82 254 382 267 408