safetyvest 0.65 331 317 378 359
safetyvest 0.65 212 313 261 354
safetyvest 0.81 380 369 444 449
safetyvest 0.83 137 327 177 363
safetyvest 0.92 266 395 322 460
person 0.47 327 309 382 385
person 0.54 313 291 385 426
person 0.80 267 385 324 489
person 0.81 135 317 178 397
person 0.81 209 300 263 388
person 0.85 379 354 449 462
hardhat 0.45 98 347 118 361
hardhat 0.67 229 294 254 312
hardhat 0.85 336 295 359 310
hardhat 0.93 138 318 159 332
hardhat 0.96 298 383 321 399
hardhat 0.98 402 344 437 369