safetyvest 0.32 525 325 543 342
safetyvest 0.42 616 373 639 417
safetyvest 0.42 546 364 580 397
safetyvest 0.45 322 219 336 237
safetyvest 0.48 281 246 300 262
safetyvest 0.51 487 295 510 336
safetyvest 0.52 564 328 578 350
safetyvest 0.68 580 357 616 391
safetyvest 0.84 545 324 566 356
person 0.35 538 313 569 402
person 0.36 561 320 579 373
person 0.37 487 290 509 356
person 0.40 523 319 544 375
person 0.44 543 321 566 374
person 0.52 322 212 337 258
person 0.52 579 341 619 440
person 0.53 279 242 302 279
person 0.86 545 353 581 437
person 0.91 600 359 640 450
hardhat 0.54 325 215 333 221
hardhat 0.74 551 317 562 324
hardhat 0.79 589 344 608 356
hardhat 0.83 492 287 506 296
hardhat 0.86 562 352 580 366
hardhat 0.95 616 356 637 371