safetyvest 0.40 233 376 257 396
safetyvest 0.53 456 361 482 378
safetyvest 0.64 195 349 209 365
safetyvest 0.86 529 362 549 378
person 0.33 233 369 259 420
person 0.45 236 344 250 366
person 0.57 247 409 273 499
person 0.64 527 357 551 389
person 0.69 455 358 483 390
person 0.75 318 323 335 373
person 0.81 377 439 402 493
person 0.82 372 312 383 340
person 0.85 502 305 515 348
person 0.93 193 342 210 388
hardhat 0.38 384 438 395 446
hardhat 0.56 528 358 536 364
hardhat 0.56 455 357 464 366
hardhat 0.58 250 413 264 425
hardhat 0.74 231 369 240 377