safetyvest 0.37 110 341 140 375
safetyvest 0.46 320 286 342 315
safetyvest 0.46 437 272 452 294
safetyvest 0.55 537 266 554 283
safetyvest 0.56 484 279 501 301
safetyvest 0.59 148 245 162 262
safetyvest 0.62 530 309 553 342
person 0.33 379 284 414 372
person 0.39 262 221 277 245
person 0.40 205 294 238 358
person 0.50 319 280 343 338
person 0.52 457 268 474 328
person 0.69 482 269 502 327
person 0.70 147 238 165 282
person 0.78 535 257 556 307
person 0.78 436 262 453 323
person 0.79 108 330 142 411
hardhat 0.39 531 297 548 308
hardhat 0.53 150 239 158 245
hardhat 0.63 214 297 227 305
hardhat 0.70 116 329 134 341