person 606.00 218.0 632.00 300.0
hardhat 608.01 220.38 627.31 230.95
hardhat 439.06 155.33 449.90 161.94
hardhat 409.97 206.89 421.61 215.09
hardhat 239.97 238.36 259.27 247.61
hardhat 213.26 210.59 224.10 219.05
hardhat 151.66 212.44 160.91 219.58
hardhat 182.33 251.31 197.13 265.85
safetyvest 607.05 229.76 628.47 264.13
safetyvest 408.49 217.86 427.00 243.25
safetyvest 238.49 250.65 258.84 278.41
safetyvest 212.05 216.54 227.64 241.92
safetyvest 150.18 222.62 164.98 242.19
safetyvest 177.50 261.71 205.79 296.58
person 145.00 214.0 167.00 267.0
person 236.00 240.0 260.00 317.0
person 206.00 211.0 227.00 264.0
person 257.00 185.0 278.00 231.0
person 175.00 252.0 212.00 327.0
person 434.00 156.0 453.00 201.0