safetyvest 348.2 375.05 356.92 390.37
hardhat 374.93 337.41 382.28 344.14
hardhat 191.86 339.61 202.72 348.49
hardhat 153.4 368.15 166.18 376.08
person 151.23 339.65 165.4 379.86
person 362.0 339.0 374.0 373.0
person 375.0 339.0 386.0 373.0
person 270.0 271.0 281.0 298.0
person 175.0 332.0 190.0 366.0
hardhat 111.1 411.56 123.66 421.03
person 194.64 339.2 206.52 382.14
safetyvest 375.74 345.98 385.23 359.61
person 245.39 260.99 257.96 291.98
safetyvest 271.63 274.92 280.33 287.12
person 337.13 365.74 351.68 403.55
person 342.42 370.5 357.49 408.31
person 110.5 409.08 133.55 465.66