person 384.59 349.2 394.30 372.78
person 409.92 316.81 420.30 340.61
person 360.57 292.36 370.95 315.05
person 300.88 386.66 314.54 409.57
person 293.17 459.37 310.58 484.93
person 261.64 442.4 280.20 473.25
person 94.85 378.07 109.64 404.95
person 165.82 371.68 179.26 395.47
person 259.44 300.51 269.60 323.65
person 247.12 298.53 258.58 323.42
person 374.91 326.73 384.17 352.51
person 184.33 371.9 197.55 393.05
person 199.31 369.91 208.34 389.96
person 360.59 319.02 370.51 343.92
person 344.00 428.0 356.00 462.0
person 295.57 317.92 306.61 341.27
person 207.00 285.53 218.26 308.22
person 180.34 317.92 193.14 341.71
person 227.27 327.17 237.21 350.75
person 254.37 337.97 265.19 355.15
person 276.65 369.25 289.65 397.68
person 250.41 387.76 260.12 411.78
person 211.21 401.64 225.31 428.3
person 218.70 376.96 233.46 399.0