person 157.00 253.0 192.00 326.0
person 136.00 208.0 159.00 259.0
person 188.00 214.0 208.30 267.8
person 13.00 337.0 48.00 448.0
person 389.00 212.0 412.00 278.0
person 355.00 207.0 377.00 265.0
person 521.00 141.0 563.00 177.0
person 566.32 201.18 586.72 262.37
person 415.60 158.36 432.11 187.37
person 386.06 160.39 403.82 184.08
person 318.23 140.0 334.74 170.26
person 213.69 216.32 238.69 272.24
person 235.33 232.04 258.42 316.98
person 237.37 195.26 259.74 248.55
hardhat 13.48 336.55 38.26 354.32
hardhat 240.37 195.36 253.38 207.42
hardhat 221.33 215.35 232.75 227.41
hardhat 164.22 249.3 179.77 260.09
hardhat 356.17 206.15 370.77 214.4
hardhat 573.82 203.3 585.25 213.45
safetyvest 11.05 355.13 47.90 403.82
safetyvest 159.74 257.11 182.11 294.61
safetyvest 390.66 216.97 413.69 251.84
safetyvest 216.32 220.92 234.74 249.87
safetyvest 566.32 209.74 584.09 232.11
safetyvest 189.64 222.79 204.99 249.1