safetyvest 82.23 353.16 102.41 375.97
safetyvest 348.46 348.77 359.43 371.14
hardhat 134.88 340.69 144.19 346.61
hardhat 97.36 345.51 104.87 351.38 difficult
hardhat 219.47 351.03 226.66 356.19 difficult
hardhat 324.65 340.91 332.0 345.46 difficult
hardhat 300.76 329.43 316.28 341.06
person 130.0 339.0 152.0 392.0
person 323.0 340.0 339.0 381.0
hardhat 346.46 343.0 354.25 348.87 difficult
person 292.0 329.0 324.0 441.0
person 208.0 350.0 227.0 397.0
safetyvest 325.22 347.9 337.94 366.32
safetyvest 293.64 347.9 319.95 390.0
safetyvest 130.48 346.58 151.53 367.19
person 78.73 343.5 107.23 396.14
person 344.08 341.32 362.5 378.6