person 444.00 152.0 464.00 198.0
person 417.00 201.0 434.00 267.0
person 472.83 169.54 496.58 208.42
person 367.57 140.59 382.77 175.53
person 218.30 207.76 249.21 261.05
person 0.00 340.59 20.92 453.82
hardhat 190.71 245.89 210.27 256.73
hardhat 0.46 343.23 7.11 360.4 difficult
hardhat 620.94 220.0 636.47 229.59
hardhat 370.91 140.56 378.56 148.0 difficult
hardhat 450.85 152.53 461.19 158.9
hardhat 480.49 172.92 489.74 179.79
hardhat 418.09 203.59 431.84 212.05
hardhat 161.36 204.38 172.73 211.52
hardhat 263.95 176.88 273.73 184.02
hardhat 223.76 211.25 235.13 219.72
hardhat 249.93 231.35 268.97 240.87
safetyvest 621.62 230.79 639.86 264.9
safetyvest 418.57 212.81 436.02 240.31
safetyvest 248.82 241.63 266.27 272.57
safetyvest 261.51 184.0 276.32 203.83
safetyvest 223.71 218.1 242.74 237.93
safetyvest 160.25 213.34 176.11 232.12
safetyvest 0.00 360.4 14.34 396.58
safetyvest 189.28 253.82 212.37 288.03
person 261.00 176.0 277.00 221.0
person 617.00 222.0 640.00 305.0
person 157.00 204.0 179.00 260.0
person 186.00 236.0 222.00 317.0
person 247.00 236.0 271.00 310.0