person 118.74 193.28 149.40 251.8
person 53.00 233.0 82.00 311.0
person 410.00 148.0 424.00 182.0
person 171.00 230.0 192.00 311.0
person 64.00 203.0 90.00 249.0
person 462.97 140.0 479.48 172.24
safetyvest 199.12 221.96 223.97 249.2
safetyvest 122.18 197.9 140.16 224.87
safetyvest 134.60 230.69 155.76 261.89
safetyvest 171.09 239.94 192.51 272.2
safetyvest 53.96 244.17 77.23 273.78
hardhat 410.31 241.12 428.21 254.07
hardhat 463.93 235.82 479.10 247.04
hardhat 470.05 216.31 481.78 225.75
hardhat 335.55 202.58 346.91 212.63
hardhat 61.82 231.7 79.80 243.41
hardhat 71.64 200.06 81.48 207.04
person 239.34 214.34 269.61 259.08
safetyvest 365.69 148.73 378.64 164.32
safetyvest 409.05 151.37 424.91 168.29
safetyvest 460.60 223.02 480.70 246.02
safetyvest 457.70 246.29 480.17 277.49
safetyvest 409.05 256.33 429.67 289.38
safetyvest 329.46 211.12 350.35 238.88
safetyvest 252.26 256.86 275.26 291.5
person 363.62 141.25 379.48 180.13
person 461.72 213.03 483.43 274.21
person 200.53 214.34 230.13 279.48
person 280.13 211.05 309.08 266.32
person 324.00 205.0 353.00 263.0
person 452.00 240.0 479.00 305.0
person 405.00 242.0 431.00 326.0
person 250.00 247.0 278.00 328.0