safetyvest 459.22 230.36 476.67 256.38
safetyvest 482.70 214.46 500.47 243.37
safetyvest 425.59 186.54 449.39 212.28
safetyvest 378.95 174.17 402.11 194.83
safetyvest 239.20 168.1 264.73 204.03
safetyvest 210.80 196.09 230.15 220.52
safetyvest 168.92 197.33 192.40 230.04
safetyvest 104.51 173.7 129.30 200.22
safetyvest 74.69 180.23 94.04 201.81
safetyvest 85.47 213.54 106.73 249.08
person 240.00 163.0 263.00 220.0
person 73.00 175.0 94.00 217.0
person 85.00 204.0 106.00 284.0
person 450.00 217.0 479.00 298.0
person 373.00 168.0 401.00 228.0
person 104.00 171.0 131.00 222.0
person 164.70 186.3 197.20 254.0
person 423.00 179.0 447.00 238.0
person 299.15 224.21 341.32 305.79
hardhat 383.85 165.96 398.54 174.78
hardhat 458.21 216.64 475.29 228.57
hardhat 483.00 202.13 496.22 213.15
hardhat 491.08 186.16 503.56 194.05
hardhat 289.29 159.9 301.78 169.82
hardhat 92.65 203.05 106.60 213.52
hardhat 306.91 224.18 322.90 234.84
person 477.00 203.0 498.00 271.0
person 479.00 190.0 506.00 269.0
person 203.09 190.0 236.71 244.61
person 281.91 160.24 311.52 220.77
safetyvest 303.76 237.97 332.63 270.97