person 220.24 219.13 234.2 254.98
safetyvest 467.44 308.73 485.72 342.0
safetyvest 399.14 308.73 422.27 339.57
safetyvest 414.12 276.78 431.52 306.31
safetyvest 351.32 288.46 370.05 316.0
safetyvest 251.29 272.59 273.33 303.88
safetyvest 164.26 350.15 190.04 382.32
safetyvest 156.77 316.22 175.5 341.78
safetyvest 83.28 256.44 102.93 275.54
hardhat 464.33 255.13 475.37 263.51
hardhat 600.25 378.87 625.76 396.76
hardhat 461.82 298.4 479.45 308.31
hardhat 158.42 308.53 173.63 319.11
safetyvest 594.08 397.24 626.97 447.24
person 346.0 274.0 377.0 343.0
person 595.0 381.0 630.0 493.0
person 140.49 229.91 152.6 267.74
person 271.96 205.17 283.07 234.36
person 291.95 203.26 301.47 232.6
person 193.59 230.87 209.46 255.93
hardhat 166.36 337.39 183.98 348.63
person 390.0 274.0 407.0 327.0
person 466.0 305.0 491.0 379.0
person 250.0 267.0 276.0 328.0
person 460.0 255.0 484.0 307.0
person 84.0 255.0 103.0 299.0
person 399.0 292.0 431.0 376.0
person 159.0 337.0 196.0 421.0
person 145.39 305.79 183.55 367.63
person 371.05 263.03 389.47 332.77
person 365.43 265.1 386.72 331.41
person 409.53 267.32 430.15 331.09