person 395.00 419.0 419.00 468.0
person 469.00 297.0 479.00 327.0
person 299.00 411.0 315.00 466.0
hardhat 221.16 406.16 229.60 412.58
hardhat 409.04 421.08 416.31 427.91 difficult
person 266.00 344.0 281.00 381.0
person 254.00 413.0 269.00 460.0
person 220.00 407.0 234.00 449.0
safetyvest 254.98 418.22 268.93 440.81
hardhat 286.70 426.36 297.54 434.43
hardhat 284.32 409.65 292.58 417.91
hardhat 266.14 414.42 273.67 419.93 difficult
person 460.00 293.0 475.00 327.0
person 283.00 416.0 304.00 477.0