person 343.00 197.0 371.00 263.0
person 423.00 145.0 438.00 181.0
safetyvest 144.78 229.82 168.05 260.22
safetyvest 78.42 211.04 101.42 230.34
safetyvest 68.11 238.28 88.20 271.85
person 204.00 248.0 239.00 303.0
person 78.00 200.0 101.00 251.0
person 180.00 227.0 205.00 304.0
person 143.00 224.0 170.00 294.0
person 249.87 211.71 280.13 259.74
person 213.03 210.14 241.32 260.14
person 133.42 188.68 172.90 241.32
person 366.32 140.66 386.71 177.5
hardhat 422.77 203.77 437.84 214.08
hardhat 391.83 242.64 407.43 254.01
hardhat 475.65 237.09 490.72 246.6
safetyvest 248.16 220.3 275.13 241.45
safetyvest 372.96 146.27 386.71 161.34
safetyvest 478.19 142.04 493.52 157.37
safetyvest 423.72 148.12 439.32 167.15
safetyvest 470.25 248.06 493.52 277.67
safetyvest 392.79 257.84 419.49 283.49
safetyvest 348.90 208.4 367.67 237.48
safetyvest 213.79 216.86 239.44 242.77
safetyvest 201.89 250.97 231.77 274.5
safetyvest 182.06 238.54 204.01 271.85
person 293.29 208.42 320.27 264.34
person 409.00 204.0 441.00 265.0
person 66.00 230.0 92.00 308.0
person 386.00 240.0 415.00 318.0
person 464.00 238.0 493.00 309.0
person 480.00 140.0 495.00 171.0