person 191.0 452.0 214.0 499.0
person 191.0 407.0 208.0 457.0
person 210.0 448.0 235.0 498.0
hardhat 327.87 365.26 333.34 368.79
hardhat 401.94 373.16 407.4 377.21
hardhat 195.34 411.41 203.46 416.21
hardhat 177.42 446.02 188.63 453.21
hardhat 196.03 453.93 204.07 460.06
safetyvest 191.88 419.39 207.67 436.49
hardhat 215.51 449.89 225.41 456.23
safetyvest 324.78 371.14 337.94 393.07
safetyvest 192.32 461.05 208.99 486.93
safetyvest 211.62 458.86 232.67 482.55
safetyvest 175.66 454.91 187.94 481.23
person 396.95 370.53 413.26 408.95
safetyvest 397.59 378.6 414.69 396.14
person 324.0 364.7 339.0 413.0
person 174.0 445.0 190.0 499.0