safetyvest 311.62 425.53 326.97 449.65
hardhat 311.62 418.51 321.27 424.65
hardhat 302.61 415.67 311.07 420.96
hardhat 427.98 320.38 433.69 323.76
person 294.08 412.37 313.38 469.83
person 247.59 359.3 260.74 393.95
person 399.78 363.25 416.45 399.21
person 372.15 346.14 387.5 377.28
person 421.71 356.23 434.87 394.83
person 426.53 318.07 439.25 348.77
safetyvest 423.9 363.25 435.31 379.04
safetyvest 427.41 325.09 440.13 339.56
safetyvest 402.41 371.58 415.13 389.56
safetyvest 296.71 422.9 312.06 446.58
safetyvest 248.46 364.12 259.43 381.23
safetyvest 372.59 352.72 385.74 366.32
person 310.0 415.0 328.0 471.0