safetyvest 20.02 280.93 44.13 315.83
safetyvest 147.88 273.0 166.92 301.87
safetyvest 121.23 238.42 140.27 256.19
safetyvest 183.73 256.82 210.70 279.66
safetyvest 224.66 231.44 245.29 266.66
hardhat 116.58 227.38 126.27 233.99
hardhat 125.17 229.81 135.75 236.42
hardhat 74.49 234.65 88.37 243.91
hardhat 13.46 228.48 24.26 238.84
hardhat 27.56 269.69 43.65 280.04
hardhat 364.67 256.25 377.01 267.04
hardhat 426.36 280.92 442.00 293.04
person 350.30 256.2 385.00 310.0
person 416.00 279.0 451.00 358.0
person 222.00 226.0 245.00 290.0
person 9.00 231.0 29.00 283.0
person 101.00 239.0 122.00 292.0
person 118.00 229.0 141.00 289.0
person 71.00 236.0 92.00 297.0
person 148.03 262.0 173.03 341.0
person 19.00 274.0 48.00 352.0
person 186.00 250.0 216.00 301.0
safetyvest 361.41 264.75 382.98 289.18
safetyvest 424.55 293.94 452.78 325.67
person 409.60 190.3 427.70 234.0
safetyvest 410.59 194.95 429.94 213.35
safetyvest 271.62 176.55 282.09 188.92
hardhat 105.12 237.3 115.03 247.21
hardhat 352.11 175.39 360.48 182.22
hardhat 417.33 189.71 425.26 196.76 difficult
safetyvest 73.64 245.4 92.04 272.05
safetyvest 10.50 241.91 29.22 259.04
person 293.95 175.53 312.37 203.16
person 347.24 172.24 361.71 210.4
person 267.63 170.26 284.74 202.5
person 197.90 159.08 213.03 185.4