safetyvest 520.49 199.43 546.76 235.98
safetyvest 243.7 160.98 269.21 191.82
safetyvest 184.68 185.73 204.52 198.67
person 186.0 178.0 210.0 228.0
person 138.0 196.0 169.0 268.0
person 283.0 211.0 311.0 292.0
person 535.0 161.0 555.0 204.0
hardhat 144.41 192.5 155.43 203.96
hardhat 129.43 190.3 142.65 201.32
hardhat 248.63 153.73 262.53 164.08
hardhat 291.37 208.37 304.81 218.72
hardhat 326.62 147.34 339.62 157.47
hardhat 506.19 153.73 517.65 161.88
safetyvest 138.24 205.52 162.22 229.51
safetyvest 125.29 202.48 143.98 228.75
safetyvest 281.0 219.23 308.84 256.92
safetyvest 323.27 155.27 344.97 183.82
safetyvest 374.67 174.3 398.27 195.24
safetyvest 421.12 184.96 438.25 211.62
safetyvest 495.36 160.6 520.91 187.25
safetyvest 536.86 168.97 555.52 188.39
hardhat 523.82 188.98 538.14 199.33
person 373.0 160.0 401.0 209.0
person 324.0 147.0 349.0 207.0
person 414.47 175.53 439.47 243.29
person 486.91 151.95 525.07 217.08
person 520.0 189.0 547.0 272.0
person 124.0 192.0 144.0 259.0
person 246.0 155.0 269.0 217.0