safetyvest 358.55 218.51 373.9 246.58
safetyvest 389.69 228.6 400.66 245.26
safetyvest 376.52 218.66 385.19 239.81
hardhat 392.63 221.59 399.39 225.41
hardhat 360.0 209.53 369.51 214.6
hardhat 374.09 212.15 382.91 217.29
person 389.0 221.0 402.0 259.0
person 72.0 226.0 216.0 436.0
person 356.94 209.0 377.4 268.0
person 236.0 258.6 378.0 385.0
person 373.5 212.0 386.6 267.6
person 138.0 256.0 211.0 342.0
hardhat 112.5 225.97 155.92 253.6
hardhat 166.88 255.79 195.39 279.47
hardhat 263.81 258.9 297.59 297.02
safetyvest 298.46 277.28 371.71 335.61
safetyvest 139.69 264.56 169.08 305.79
safetyvest 76.97 261.49 137.06 338.68