person 456.0 272.0 474.0 325.0
person 435.0 266.0 457.0 318.0
person 481.0 268.0 503.0 323.0
person 534.0 306.0 556.0 382.0
person 386.6 277.42 411.59 336.6
person 108.0 329.0 144.0 414.0
person 207.0 296.0 240.0 358.0
person 330.47 203.66 341.13 236.06
person 341.51 199.89 354.07 230.73
person 359.4 197.6 370.44 230.35
hardhat 150.91 241.78 158.56 247.59
hardhat 116.55 330.55 134.53 342.18
hardhat 214.04 297.93 226.13 306.81
hardhat 529.62 300.44 550.28 309.47
person 287.44 212.07 304.2 248.24
person 260.79 221.21 277.16 247.48
person 209.77 220.45 225.0 257.0
safetyvest 146.85 245.18 163.77 262.1
hardhat 436.49 264.39 447.32 273.94
safetyvest 317.76 286.05 343.42 316.98
safetyvest 532.34 310.8 547.94 345.44
safetyvest 111.16 341.7 140.21 376.79
safetyvest 538.95 262.68 555.08 285.95
safetyvest 481.31 275.9 500.08 301.02
safetyvest 389.56 284.1 408.07 313.18
safetyvest 438.48 275.11 453.02 295.73
safetyvest 206.34 303.66 231.19 333.01
hardhat 486.25 268.43 499.1 278.53
hardhat 213.34 222.5 221.3 227.4
person 298.32 188.36 311.54 211.89
person 534.6 256.32 558.9 317.5
person 443.59 258.38 460.95 317.31
person 380.4 296.85 410.61 376.35
person 149.0 241.0 164.0 285.0
person 319.0 282.0 345.0 335.0