person 282.00 176.0 359.00 312.0
person 596.00 187.0 640.00 293.0
person 434.00 158.9 530.40 346.0
person 394.00 175.0 451.00 304.0
safetyvest 516.54 212.26 545.47 253.76
person 135.00 241.0 250.00 344.0
person 446.00 216.0 529.00 356.0
person 377.00 194.0 414.00 304.0
person 519.00 197.0 548.00 289.0
hardhat 144.18 241.81 184.54 280.26
hardhat 299.52 186.94 327.31 200.69
hardhat 299.52 220.87 314.75 228.48
hardhat 376.81 194.98 396.61 208.3
hardhat 395.46 174.8 422.12 196.12
hardhat 465.52 226.2 511.59 265.79
hardhat 481.13 158.43 503.59 175.56
hardhat 523.39 193.45 542.05 207.16
hardhat 613.62 185.84 633.80 198.4
person 276.85 212.37 330.14 305.13
safetyvest 167.63 235.4 234.08 292.63
safetyvest 279.48 225.53 330.79 261.71
safetyvest 291.98 195.26 363.69 265.66
safetyvest 599.92 205.41 640.00 251.1
safetyvest 376.81 214.55 406.51 252.24
safetyvest 393.94 193.61 455.62 262.14
safetyvest 429.73 232.44 531.39 330.29
safetyvest 467.04 178.0 515.39 243.86