safetyvest 385.78 181.51 407.2 213.24
person 474.0 143.0 495.0 194.0
person 382.3 140.0 404.0 195.0
person 12.0 183.0 40.0 263.0
safetyvest 441.04 197.11 463.78 226.72
person 361.9 140.0 379.85 171.2
person 214.47 148.55 236.84 224.21
person 376.31 174.21 409.27 250.53
hardhat 14.94 181.74 32.99 192.3
hardhat 216.77 153.29 233.07 164.96
hardhat 384.44 173.78 403.39 184.35
person 436.0 180.0 467.0 255.0
hardhat 444.15 183.47 462.44 197.13
safetyvest 14.76 190.18 36.1 229.01
safetyvest 216.57 164.06 234.02 187.86
safetyvest 477.26 148.46 493.13 170.67