safetyvest 384.74 143.29 457.11 235.4
safetyvest 529.48 190.0 561.06 232.76
safetyvest 434.74 193.95 565.66 348.55
hardhat 384.76 172.58 404.43 188.77
hardhat 16.32 211.71 65.00 265.0
hardhat 458.36 187.96 533.43 255.13
person 442.00 141.0 514.00 200.0
person 282.00 141.0 353.00 304.0
person 381.00 140.0 448.00 314.0
safetyvest 63.03 216.97 154.48 288.03
safetyvest 289.35 144.61 355.79 242.63
safetyvest 382.11 191.32 411.06 230.79
person 526.00 180.0 558.00 262.0
person 9.00 211.0 179.00 362.0
person 420.00 186.0 562.00 400.0
safetyvest 462.37 146.58 511.72 217.63