person 416.0 213.0 439.0 264.0
person 154.6 209.08 175.72 266.98
person 201.97 158.42 217.82 195.92
person 230.92 159.74 247.36 191.97
person 295.39 140.59 312.56 170.92
person 133.55 151.84 145.39 193.95
person 373.02 233.42 396.77 314.34
person 392.76 212.37 415.79 274.21
safetyvest 450.27 260.88 471.53 289.12
safetyvest 381.74 245.02 399.82 272.62
safetyvest 290.36 219.64 306.86 246.92
safetyvest 190.42 230.42 205.33 261.2
safetyvest 174.24 228.84 187.57 260.25
hardhat 158.27 210.7 173.47 219.96
hardhat 175.46 218.42 189.34 227.23
hardhat 335.64 177.43 344.45 185.37
hardhat 293.77 213.79 307.43 221.06
hardhat 420.9 213.79 432.8 222.38
hardhat 481.94 202.77 491.63 212.03
hardhat 451.97 246.4 468.05 257.41
hardhat 591.34 327.87 617.84 347.97
safetyvest 582.24 349.87 618.42 395.27
person 286.0 212.0 314.0 273.0
person 333.0 176.0 356.0 224.0
person 577.0 333.0 617.0 443.0
person 468.0 204.0 500.0 257.0
person 187.4 220.7 213.0 293.0
person 446.0 254.0 472.7 322.0
person 172.0 220.0 194.0 284.0