safetyvest 305.02 453.05 317.33 471.96
safetyvest 401.28 426.57 410.31 438.35
safetyvest 421.63 374.39 426.83 379.13 difficult
person 358.31 368.48 366.02 385.03 difficult
person 255.19 388.55 265.99 412.79
person 238.23 385.45 247.7 413.01
safetyvest 434.48 372.25 439.99 378.22 difficult
safetyvest 477.48 398.57 487.42 408.97
safetyvest 359.51 368.42 365.02 376.99 difficult
safetyvest 501.86 398.67 509.26 409.27 difficult
hardhat 425.58 404.59 431.85 409.47 difficult
person 228.53 385.47 237.57 406.62
safetyvest 417.65 416.32 426.83 429.78
safetyvest 424.54 408.51 433.72 419.53
person 376.0 409.0 389.0 438.0
person 476.0 391.0 488.0 417.0
person 501.0 395.0 513.0 419.0
person 425.0 405.0 435.0 437.0
person 577.0 364.0 582.0 378.0 difficult
person 476.0 379.0 494.0 418.0
person 402.0 422.0 414.0 452.0
person 246.0 389.0 254.0 412.0
safetyvest 229.91 388.65 237.71 397.37 difficult
safetyvest 238.79 390.49 245.98 400.89 difficult
safetyvest 256.99 390.49 264.03 402.27 difficult