person 231.46 237.58 249.08 291.57
person 316.98 172.24 334.74 201.18
hardhat 216.62 275.21 229.47 283.1
hardhat 509.45 239.59 520.27 246.89
hardhat 485.61 183.45 493.42 189.42
safetyvest 207.40 280.39 230.25 311.17
safetyvest 141.41 249.62 156.32 269.29
safetyvest 162.98 297.53 185.83 325.76
safetyvest 15.00 393.29 50.53 441.32
hardhat 16.24 375.61 40.04 394.33
hardhat 169.17 285.82 183.45 296.92
hardhat 142.20 241.08 152.67 248.7
hardhat 497.85 181.45 504.89 187.43
person 263.00 248.0 286.00 312.0
person 213.68 246.89 236.60 310.2
person 391.32 179.47 406.45 214.34
person 495.20 180.72 509.74 217.63
person 480.14 181.45 491.98 218.95
person 504.00 237.0 524.00 298.0
person 160.80 286.0 192.00 359.0
person 300.00 235.0 325.00 305.0
person 204.00 278.0 234.00 350.0
person 416.25 189.28 434.74 213.69
safetyvest 566.88 161.42 577.98 176.33
safetyvest 504.37 248.67 523.41 272.46
safetyvest 301.00 242.96 320.99 273.1
person 138.00 242.0 158.00 293.0
person 561.32 158.05 578.68 189.11
safetyvest 265.78 256.92 284.82 280.08
person 225.05 254.09 243.80 321.53
person 16.00 376.0 53.00 489.0