safetyvest 204.88 422.51 232.65 449.48
safetyvest 264.37 434.4 285.79 459.79
safetyvest 310.91 411.14 324.92 443.39
person 261.84 423.56 289.47 492.64
person 209.86 416.32 240.13 482.11
person 185.52 461.71 217.76 499.21
person 180.92 432.77 201.31 484.08
person 197.36 436.71 223.68 488.69
person 63.15 341.98 78.28 376.84
person 237.8 294.9 249.1 318.8
safetyvest 187.33 468.95 217.52 498.7
safetyvest 199.67 452.65 218.84 480.85
safetyvest 185.13 442.51 203.86 466.31
safetyvest 237.6 298.13 249.06 309.8
safetyvest 63.57 349.45 78.78 363.8
hardhat 190.75 462.26 202.02 471.82
hardhat 187.41 432.34 200.26 439.5
hardhat 202.64 442.99 214.21 452.91
hardhat 212.01 417.65 221.37 428.67
hardhat 305.47 409.56 318.34 420.04
hardhat 265.44 426.83 277.37 435.1
person 307.0 408.0 326.0 447.0