safetyvest 211.62 315.44 265.57 355.35
hardhat 396.71 344.83 437.5 374.65
hardhat 338.38 296.14 357.67 310.18
safetyvest 138.38 333.86 179.6 364.56
safetyvest 263.38 401.4 319.52 456.67
person 136.62 311.93 181.8 407.11
person 263.16 383.16 322.1 500.0
safetyvest 333.11 316.76 377.41 364.12
safetyvest 380.48 381.23 448.46 442.19
hardhat 99.78 347.46 118.2 364.56
person 210.0 291.3 265.0 388.0
person 380.32 343.4 452.32 459.9
person 315.0 296.0 380.0 406.0
hardhat 137.06 317.19 158.99 332.11
hardhat 232.67 293.51 252.85 315.0
hardhat 299.34 383.42 320.39 399.21