hardhat 179.18 238.96 191.61 250.04
hardhat 0.55 218.88 12.03 227.14
hardhat 603.57 358.26 626.57 376.24
person 422.0 254.0 447.0 327.0
hardhat 463.44 266.51 479.56 277.35
hardhat 492.52 223.15 503.1 229.76
person 489.0 224.0 510.0 276.0
person 449.0 267.0 485.0 343.0
hardhat 390.75 217.94 401.08 225.72
person 591.0 358.0 628.0 470.0
person 347.95 222.29 371.95 292.29
person 165.0 238.0 196.0 295.0
person 324.0 215.0 347.0 280.0
safetyvest 240.76 164.59 252.51 179.09
person 386.84 215.0 407.23 277.5
person 420.83 233.57 439.19 288.47
person 407.79 225.86 425.6 287.18
person 397.69 227.69 416.97 284.98
person 148.14 158.88 161.58 196.78
person 133.15 158.44 147.25 195.24
person 213.57 165.49 228.78 190.61
person 238.25 158.0 254.33 191.49
person 312.28 149.85 325.72 181.14
person 285.62 150.51 300.85 180.92
person 0.0 214.28 20.98 277.44
safetyvest 594.08 380.79 629.61 422.9
safetyvest 458.16 279.58 481.92 308.36
safetyvest 487.52 229.25 510.04 247.65
safetyvest 425.33 260.34 445.0 293.97
safetyvest 386.27 224.98 405.44 247.68
safetyvest 351.9 231.81 372.17 258.91
safetyvest 322.81 223.66 346.61 253.4
safetyvest 173.43 247.9 193.48 274.78
safetyvest 148.59 164.22 162.18 182.21
safetyvest 217.26 169.36 229.01 182.58
hardhat 329.92 215.75 342.61 224.21