hardhat 526.99 359.21 536.08 367.25
hardhat 250.07 414.23 263.82 425.33
safetyvest 465.13 361.05 483.55 378.6
person 376.0 438.0 404.0 496.0
person 233.0 367.0 261.0 426.0
safetyvest 235.77 349.47 248.84 362.69
person 234.55 347.45 254.64 370.51
safetyvest 194.95 351.4 210.74 368.07
safetyvest 530.72 362.22 552.65 379.77
safetyvest 320.0 322.24 334.68 336.05
safetyvest 319.73 340.15 336.83 353.89
safetyvest 235.31 374.21 258.11 402.28
safetyvest 380.04 444.39 400.22 480.79
person 195.0 345.0 212.0 389.0
person 319.0 331.6 338.0 372.0
person 369.0 307.2 385.0 342.0
person 525.5 355.4 553.7 400.4
person 455.7 359.4 484.0 392.0
person 504.0 309.0 515.0 346.0
person 249.0 413.6 274.0 498.0
hardhat 456.55 359.73 463.31 367.36
person 318.76 315.56 334.98 335.14