safetyvest 88.62 227.49 98.98 242.7
person 97.0 275.0 114.0 319.0
person 532.0 285.0 549.0 330.0
safetyvest 567.34 247.11 576.86 257.42
safetyvest 552.42 290.22 566.58 310.32
safetyvest 266.43 237.19 278.11 247.98
safetyvest 211.79 219.12 219.72 229.26
hardhat 90.8 222.1 98.18 227.38
hardhat 101.8 275.1 111.46 284.16
hardhat 270.61 232.21 278.0 238.3
hardhat 566.58 239.16 575.06 245.04
hardhat 532.44 285.27 543.31 293.75
hardhat 558.75 284.18 569.41 293.1
person 563.0 239.0 578.0 266.0
person 550.0 288.0 570.0 327.0
person 263.15 231.38 280.33 262.37
person 210.52 215.0 223.68 238.69
person 320.39 174.21 334.87 202.5
safetyvest 531.16 291.7 547.13 312.63
safetyvest 98.56 283.28 113.63 301.55