hardhat 35.89 278.82 44.45 284.49
safetyvest 453.29 222.29 462.77 234.19
safetyvest 566.09 244.13 576.67 256.91
safetyvest 547.65 290.57 565.1 308.02
safetyvest 577.79 332.61 603.43 357.2
safetyvest 34.11 284.89 45.57 301.19
safetyvest 115.43 230.59 126.26 247.3
person 452.63 216.97 463.81 239.34
person 115.13 223.55 128.28 263.03
person 547.37 282.76 569.08 327.5
person 32.5 278.0 52.0 320.4
person 577.0 326.0 604.0 379.0
hardhat 581.24 328.24 591.9 337.16
hardhat 552.97 282.79 564.5 291.05
hardhat 455.54 217.11 462.5 222.12
hardhat 116.05 224.08 123.73 231.5