person 463.51 351.97 480.96 400.35
person 362.26 267.7 369.56 295.31 difficult
person 356.24 270.56 366.71 298.16
hardhat 450.56 362.78 459.28 369.97
safetyvest 250.60 344.34 264.24 359.26
person 250.00 338.0 265.00 373.0
person 492.00 402.0 509.00 445.0
person 264.00 339.0 278.00 374.0
person 520.00 422.0 539.00 476.0
person 512.00 415.0 533.00 473.0
person 465.00 385.0 484.00 435.0
hardhat 516.54 410.78 530.14 420.98
hardhat 493.84 394.38 505.54 403.28
hardhat 253.50 338.48 260.69 343.99 difficult
person 446.86 362.54 461.40 408.02