hardhat 69.34 351.76 86.99 363.44
hardhat 7.70 354.48 28.16 368.29
person 107.76 340.66 134.74 429.48
person 57.76 347.9 93.29 446.58
person 209.50 288.8 218.95 309.9
person 219.98 289.0 227.51 309.01
person 228.23 288.45 235.04 309.93
safetyvest 122.15 309.66 145.95 335.84
safetyvest 210.98 291.96 218.31 300.46
safetyvest 220.12 292.7 227.56 300.46
safetyvest 144.33 341.36 164.19 371.27
safetyvest 227.77 292.49 235.42 301.41
safetyvest 474.51 258.63 483.38 270.25
safetyvest 118.71 333.72 132.99 365.98
safetyvest 105.20 351.94 137.75 392.15
safetyvest 95.45 336.9 112.37 364.13
safetyvest 58.96 363.34 97.03 402.47
safetyvest 0.00 370.7 48.60 419.92
safetyvest 496.51 405.59 509.73 425.79
safetyvest 547.92 413.3 569.41 436.99
person 120.34 307.71 147.63 366.72
person 0.00 353.0 47.00 449.0
person 548.00 405.0 570.00 464.3
person 92.00 322.6 112.00 410.0
hardhat 504.56 400.71 514.08 408.32
hardhat 144.91 310.78 151.30 322.01
hardhat 141.61 330.83 154.63 340.52
hardhat 113.43 338.1 126.40 347.13
hardhat 115.41 325.1 129.71 334.79
hardhat 96.22 324.88 109.88 333.03
hardhat 557.22 407.1 566.20 412.8
person 492.10 401.4 513.22 448.71
person 475.06 254.43 482.71 277.54
person 138.00 334.0 160.00 404.0
person 109.24 324.53 138.11 398.45