person 259.82 361.21 267.97 381.04
hardhat 537.67 429.97 544.89 434.86
safetyvest 535.55 434.47 545.15 448.39
safetyvest 546.95 440.47 558.95 451.87
safetyvest 576.83 436.27 588.95 451.27
safetyvest 260.58 363.99 267.06 371.31
safetyvest 263.3 379.35 269.46 387.03
safetyvest 242.1 382.23 248.82 390.39
safetyvest 224.22 379.71 231.3 387.51
safetyvest 210.9 369.15 218.82 378.75
person 535.0 426.0 548.0 464.0
person 546.4 436.0 561.0 469.0
person 577.0 431.0 591.0 464.0
person 263.35 375.53 269.96 394.48
person 241.97 380.38 250.79 398.67
person 209.36 366.5 219.28 385.01
person 223.25 376.41 232.28 395.8