person 346.00 258.0 368.00 306.0
person 231.00 283.0 274.00 357.0
person 316.00 257.0 336.00 302.0
person 386.06 263.69 409.08 311.05
person 474.61 310.22 485.72 347.66
person 486.35 318.15 508.24 352.42
person 121.71 342.57 143.42 419.54
hardhat 126.34 343.66 140.85 352.47
safetyvest 486.89 320.75 503.07 336.33
safetyvest 473.57 315.07 485.30 329.67
safetyvest 389.49 269.7 408.52 291.91
safetyvest 347.92 264.94 369.50 284.61
safetyvest 241.95 292.23 273.36 332.84
safetyvest 119.17 354.1 145.82 391.54