person 141.10 354.47 166.97 388.25
safetyvest 253.38 286.05 273.12 304.91
safetyvest 186.27 276.84 203.82 295.26
safetyvest 197.68 351.84 227.50 374.21
person 198.00 343.0 229.00 401.0
person 97.47 404.07 126.50 482.3
person 141.49 385.51 169.20 465.5
person 186.00 268.0 206.00 314.0
person 251.80 272.1 275.00 323.4
person 114.00 362.0 140.00 429.0
hardhat 100.72 405.49 112.57 417.13
hardhat 125.53 362.49 135.90 368.42
hardhat 148.33 355.59 158.74 363.97
hardhat 144.92 388.08 157.41 396.31
hardhat 201.13 343.36 213.31 349.7
hardhat 292.25 386.1 302.40 393.29
hardhat 351.34 388.74 361.23 395.85
hardhat 430.84 381.13 439.72 387.9
hardhat 256.50 277.84 263.06 282.92 difficult
hardhat 193.62 269.54 200.93 275.33 difficult
safetyvest 141.10 362.37 163.90 385.61
safetyvest 100.31 416.76 126.18 451.84
safetyvest 114.78 372.9 140.22 398.33
safetyvest 283.64 396.58 310.83 422.9
safetyvest 141.54 399.65 164.78 426.4
safetyvest 352.94 397.9 374.43 423.33
safetyvest 425.75 389.56 445.05 414.56
person 423.12 379.04 444.61 440.0
person 283.64 386.05 313.47 451.84
person 349.87 386.49 374.87 453.16