person 392.0 173.0 416.0 226.0
person 608.0 318.0 640.0 415.0
safetyvest 195.5 180.42 217.39 205.17
safetyvest 199.3 141.4 216.44 161.38
person 199.0 141.0 218.0 186.0
person 446.0 174.0 479.0 228.0
person 356.0 205.0 388.0 273.0
hardhat 398.72 170.91 408.63 177.52
safetyvest 611.84 334.67 640.0 372.24
hardhat 462.83 174.22 472.75 181.93
hardhat 428.24 209.47 443.44 219.83
hardhat 623.03 315.0 638.88 333.42
person 419.0 208.0 452.0 287.0
safetyvest 425.52 222.59 443.92 250.51
safetyvest 457.88 181.06 474.07 202.31
safetyvest 397.28 180.42 410.61 202.95
safetyvest 361.75 211.83 383.32 243.88
person 81.0 174.0 103.0 246.0