hardhat 275.39 369.28 280.89 374.15
person 379.69 368.95 392.85 415.88
person 363.90 368.51 379.69 412.81
safetyvest 267.85 375.09 282.33 390.88
safetyvest 282.33 343.95 293.73 361.05
safetyvest 330.57 368.95 339.78 382.54
safetyvest 217.85 356.67 231.89 375.53
person 281.71 337.49 295.11 369.78
person 224.43 406.67 245.92 458.42
safetyvest 365.66 376.4 377.50 395.26
person 265.00 368.0 283.00 403.0
person 216.00 352.0 236.00 392.0
safetyvest 225.75 417.19 244.61 438.69
safetyvest 381.45 375.53 391.98 397.02
person 330.62 363.0 342.81 401.84
hardhat 230.78 409.7 238.71 414.63
hardhat 366.48 371.48 372.06 375.3
hardhat 382.91 369.14 387.32 373.72
hardhat 287.33 339.04 294.02 343.27