person 215.00 223.0 259.00 305.0
hardhat 79.37 193.46 87.57 202.71
hardhat 417.53 252.69 432.60 263.26
hardhat 420.97 216.46 434.72 228.63
person 74.00 195.0 95.00 246.0
person 296.32 197.76 328.10 263.2
person 164.00 201.0 181.00 252.0
person 467.00 142.0 483.00 181.0
person 109.00 230.0 135.00 310.0
safetyvest 113.52 242.67 132.87 273.45
person 413.50 249.6 464.00 313.0
person 259.00 212.0 279.00 262.0
safetyvest 417.47 227.12 434.92 248.7
safetyvest 418.11 262.98 446.66 288.68
safetyvest 294.69 204.6 324.83 230.3
safetyvest 231.86 234.1 259.47 265.2
safetyvest 332.74 140.0 344.00 148.97
safetyvest 137.63 208.72 156.67 232.83
safetyvest 74.81 204.28 92.58 223.63
person 178.00 194.0 200.00 249.0
person 245.27 143.29 263.69 189.34
person 407.11 213.69 449.87 272.24
person 135.00 199.0 160.00 259.0