safetyvest 321.19 219.41 338.1 235.85
safetyvest 609.94 372.46 640.0 422.26
safetyvest 578.41 353.27 614.05 401.24
safetyvest 546.43 362.41 580.29 403.53
safetyvest 543.69 326.31 571.56 357.84
safetyvest 560.14 325.86 578.87 356.47
safetyvest 522.67 324.49 545.11 356.92
safetyvest 483.38 297.53 514.45 333.17
safetyvest 279.47 247.39 299.3 270.74
person 484.0 287.0 513.0 365.0
person 598.0 358.0 640.0 453.0
person 527.0 319.0 548.0 385.0
person 277.63 238.03 300.0 298.2
person 318.42 213.69 341.44 262.37
person 540.13 318.95 570.4 388.03
person 576.97 341.25 613.22 430.79
person 595.46 355.79 640.0 455.14
person 542.76 348.55 584.87 444.61
hardhat 616.45 357.77 636.84 370.92
hardhat 589.5 344.83 609.07 357.25
hardhat 563.59 354.08 582.1 368.89
hardhat 548.25 316.54 562.27 325.53
hardhat 492.73 285.34 507.54 296.18