person 221.00 293.0 244.00 328.0
person 48.00 287.0 62.00 322.0
hardhat 195.53 284.29 203.56 289.77
hardhat 30.88 307.66 36.36 313.91 difficult
hardhat 49.74 287.0 57.53 294.14 difficult
hardhat 110.74 243.99 116.35 248.97 difficult
safetyvest 0.00 318.69 11.96 332.57
safetyvest 18.35 308.99 32.43 324.2
person 103.16 232.76 122.90 274.21
person 16.86 305.71 37.42 345.96
person 0.00 313.52 14.57 353.27
person 179.96 274.2 197.32 317.18
person 38.00 287.0 49.00 320.0
person 192.05 287.0 205.05 321.0