hardhat 128.05 362.49 135.25 366.31
safetyvest 110.40 365.44 119.61 384.74
safetyvest 123.55 366.76 136.71 386.05
safetyvest 137.59 364.12 150.31 384.3
safetyvest 71.36 303.6 81.45 313.68
hardhat 100.79 368.59 107.40 377.4
hardhat 111.36 359.92 117.85 363.72
safetyvest 98.99 377.72 110.83 395.7
hardhat 140.23 358.43 146.59 363.45
person 134.00 358.0 151.00 398.0
person 85.00 347.0 102.00 395.0
hardhat 89.77 349.5 97.61 353.78
person 97.00 364.0 112.00 414.0
person 31.00 346.0 45.00 393.0
person 121.00 362.0 140.00 395.0
person 71.00 297.0 84.00 318.0
person 108.00 359.1 123.00 405.0
safetyvest 30.13 354.47 43.29 370.7
safetyvest 84.52 356.67 99.87 372.02