1 0.240680 0.642667 0.040422 0.093833
2 0.411328 0.431889 0.030844 0.052389
2 0.304758 0.405694 0.027422 0.051167
2 0.332172 0.619514 0.046594 0.062139
1 0.333594 0.644444 0.048438 0.161111
1 0.174977 0.842181 0.045359 0.217306
1 0.242727 0.793069 0.043297 0.222194
1 0.306250 0.419444 0.031250 0.127778
1 0.411562 0.438194 0.036250 0.142500
1 0.198437 0.709722 0.040625 0.186111
0 0.166633 0.753639 0.018516 0.032333
0 0.204242 0.626264 0.016203 0.016472
0 0.239898 0.610500 0.016266 0.023278
0 0.236195 0.700542 0.019516 0.022861
0 0.323781 0.573694 0.019031 0.017611
0 0.464570 0.693597 0.015859 0.019972
0 0.556695 0.700819 0.015453 0.019750
0 0.680125 0.679208 0.013875 0.018806
0 0.405906 0.389944 0.010250 0.014111
0 0.308242 0.367875 0.011422 0.016083
2 0.238281 0.649972 0.035625 0.064556
2 0.176945 0.817500 0.040422 0.097444
2 0.199219 0.682264 0.039750 0.070639
2 0.464430 0.749278 0.042484 0.073111
2 0.239312 0.758403 0.036313 0.074306
2 0.568258 0.751708 0.033578 0.070639
2 0.680312 0.727944 0.030156 0.069444
1 0.677914 0.748667 0.033578 0.169333
1 0.466492 0.774847 0.046609 0.182750
1 0.566203 0.777292 0.039062 0.185194
