2 0.631992 0.511694 0.015766 0.021944
2 0.774539 0.496472 0.011641 0.020722
0 0.528305 0.800708 0.012859 0.012694
0 0.474680 0.688833 0.011891 0.012667
0 0.502523 0.797486 0.015078 0.014806
0 0.459617 0.699306 0.010234 0.015278
2 0.530227 0.841250 0.021922 0.052389
1 0.530469 0.847222 0.026562 0.105556
1 0.453125 0.754167 0.025000 0.136111
1 0.474219 0.747222 0.023438 0.144444
1 0.775781 0.505556 0.017188 0.066667
2 0.476766 0.725514 0.020562 0.049972
2 0.453813 0.729181 0.019875 0.042639
1 0.344156 0.628653 0.019875 0.107194
1 0.636109 0.519625 0.019875 0.062139
2 0.342109 0.608556 0.018500 0.037778
1 0.501938 0.852167 0.031250 0.127667
2 0.502125 0.837819 0.028781 0.049528
