2 0.348562 0.314639 0.018344 0.064333
1 0.322656 0.340278 0.032813 0.152778
1 0.468750 0.340278 0.034375 0.175000
1 0.369531 0.337500 0.032813 0.141667
1 0.846875 0.081944 0.062500 0.102778
1 0.235156 0.466667 0.035937 0.216667
1 0.233594 0.316667 0.029687 0.138889
1 0.543750 0.302778 0.040625 0.177778
1 0.510273 0.086167 0.024984 0.091389
1 0.544500 0.087444 0.020781 0.088833
1 0.751352 0.129444 0.021422 0.107889
1 0.624336 0.115708 0.022016 0.101528
1 0.663602 0.124167 0.024391 0.059222
1 0.789227 0.124181 0.024766 0.102528
1 0.909016 0.434944 0.048344 0.222944
1 0.762031 0.435847 0.048313 0.217472
0 0.752812 0.347569 0.021687 0.030583
0 0.912219 0.341000 0.023531 0.028556
2 0.055820 0.719125 0.054484 0.126083
2 0.234289 0.437569 0.035703 0.086361
2 0.277172 0.394403 0.033219 0.081083
2 0.235281 0.293042 0.027750 0.052861
2 0.323023 0.318597 0.026766 0.075806
1 0.347656 0.331944 0.023438 0.147222
2 0.369375 0.313750 0.025281 0.059056
2 0.468531 0.306694 0.033219 0.066111
2 0.547844 0.275861 0.036187 0.097833
2 0.753328 0.400556 0.032719 0.072278
2 0.906266 0.398806 0.033219 0.091667
2 0.792000 0.110611 0.018844 0.038778
0 0.278211 0.334361 0.032672 0.031111
0 0.234102 0.372444 0.025578 0.034000
0 0.234172 0.250875 0.021344 0.026917
0 0.046719 0.636444 0.034094 0.047722
1 0.277344 0.425000 0.035937 0.183333
1 0.054688 0.768056 0.056250 0.313889
1 0.386719 0.316667 0.029687 0.155556
