1 0.296094 0.308333 0.042188 0.150000
0 0.262766 0.379514 0.025250 0.029583
0 0.032719 0.641319 0.038062 0.047583
2 0.036797 0.734667 0.057562 0.124278
2 0.263883 0.434139 0.035703 0.092556
2 0.298586 0.281667 0.033703 0.069611
2 0.332547 0.398444 0.039156 0.082833
2 0.402695 0.332347 0.026766 0.074028
2 0.472844 0.294014 0.036187 0.080194
2 0.851344 0.286083 0.025781 0.066111
2 0.890258 0.059125 0.016359 0.035250
2 0.777227 0.116861 0.020328 0.032611
1 0.343406 0.352833 0.033406 0.172000
1 0.781008 0.134333 0.026828 0.104167
1 0.748672 0.140708 0.019531 0.095028
1 0.500414 0.094111 0.022609 0.089556
0 0.855297 0.240931 0.016062 0.021917
1 0.652562 0.141625 0.028781 0.078583
1 0.220312 0.312500 0.031250 0.136111
1 0.357875 0.350333 0.032813 0.172222
1 0.475000 0.320833 0.037500 0.180556
1 0.264062 0.468056 0.046875 0.208333
1 0.333594 0.443056 0.042188 0.208333
1 0.610414 0.129750 0.024672 0.106000
1 0.852344 0.308333 0.032813 0.166667
1 0.040625 0.773611 0.059375 0.319444
1 0.889062 0.059722 0.012500 0.086111
1 0.401695 0.361222 0.038484 0.204778
