1 0.432031 0.690278 0.026562 0.141667
1 0.984375 0.590278 0.018750 0.102778
1 0.459375 0.673611 0.028125 0.130556
1 0.400422 0.585694 0.018750 0.104722
1 0.419922 0.647778 0.019844 0.136111
1 0.441297 0.663778 0.020313 0.113889
2 0.985781 0.573944 0.014531 0.031944
0 0.981086 0.548278 0.007078 0.008500
0 0.400047 0.537611 0.009094 0.009056
0 0.417977 0.592319 0.008953 0.012639
0 0.431922 0.646472 0.010313 0.011667
0 0.440250 0.617667 0.008437 0.014167
0 0.465500 0.622028 0.011313 0.014722
2 0.463055 0.652986 0.016859 0.045250
2 0.441734 0.651389 0.017219 0.047333
2 0.430023 0.684778 0.015422 0.047000
2 0.419156 0.624611 0.017437 0.045111
2 0.400359 0.570319 0.016188 0.051694
