0 0.115719 0.251500 0.024531 0.028056
1 0.305617 0.105069 0.035984 0.148028
1 0.245477 0.233000 0.022609 0.177278
1 0.219266 0.218389 0.029813 0.180944
2 0.116984 0.311597 0.041125 0.096861
2 0.154922 0.217778 0.025812 0.070389
2 0.243281 0.202986 0.026406 0.072417
2 0.303961 0.092569 0.030703 0.073972
2 0.410539 0.235125 0.040172 0.078528
2 0.598453 0.335333 0.053937 0.082111
2 0.626031 0.223639 0.032063 0.072944
2 0.663711 0.014028 0.023234 0.028056
0 0.623875 0.174431 0.021688 0.029361
0 0.576711 0.291333 0.027891 0.031833
2 0.332344 0.288750 0.050375 0.091389
1 0.411719 0.266667 0.064062 0.177778
1 0.603125 0.363889 0.078125 0.194444
1 0.619531 0.243056 0.039062 0.169444
1 0.331250 0.329167 0.059375 0.202778
1 0.115625 0.351389 0.040625 0.219444
1 0.153906 0.238889 0.039062 0.172222
