0 0.726953 0.051917 0.015375 0.024667
0 0.649125 0.163403 0.023312 0.023806
0 0.344242 0.158111 0.017359 0.022056
2 0.735477 0.083361 0.028516 0.046278
2 0.965578 0.282028 0.033469 0.096944
2 0.650164 0.213722 0.027266 0.067556
1 0.385937 0.336111 0.037500 0.200000
1 0.243750 0.222222 0.037500 0.166667
1 0.650000 0.234722 0.028125 0.175000
1 0.731250 0.100000 0.031250 0.122222
1 0.300000 0.348611 0.056250 0.219444
1 0.692969 0.075000 0.026562 0.122222
1 0.339844 0.225000 0.035937 0.155556
1 0.966406 0.313889 0.042188 0.238889
2 0.414477 0.152403 0.023547 0.055083
2 0.243867 0.197931 0.029328 0.056528
2 0.341977 0.199028 0.028922 0.069056
2 0.382875 0.295236 0.033875 0.069028
2 0.295297 0.336375 0.034688 0.095472
0 0.243109 0.161639 0.018344 0.020278
0 0.292930 0.280611 0.026766 0.036111
0 0.696219 0.023264 0.017344 0.020250
