1 0.707555 0.074014 0.023641 0.118806
1 0.674656 0.053917 0.025687 0.089556
1 0.543078 0.049347 0.027750 0.095028
1 0.422289 0.199194 0.041109 0.138889
0 0.342711 0.167819 0.018141 0.022694
1 0.584297 0.232222 0.037344 0.152222
1 0.736719 0.286250 0.051562 0.188611
1 0.292547 0.373153 0.054281 0.205361
1 0.246875 0.230556 0.046875 0.155556
0 0.582234 0.165250 0.016250 0.024167
0 0.286836 0.285917 0.029453 0.034889
1 0.385156 0.350000 0.054688 0.211111
2 0.646906 0.233014 0.029812 0.111472
2 0.579055 0.202847 0.035984 0.065806
0 0.243273 0.166625 0.015453 0.020306
1 0.648469 0.264069 0.030875 0.202861
0 0.541906 0.011347 0.012094 0.015528
1 0.339844 0.236111 0.032813 0.155556
2 0.288141 0.347236 0.042156 0.095028
