2 0.269117 0.296069 0.131578 0.182750
1 0.489063 0.222222 0.103125 0.388889
1 0.650781 0.256944 0.132812 0.475000
1 0.254688 0.373611 0.162500 0.302778
0 0.458477 0.064097 0.045234 0.085972
0 0.626125 0.052014 0.043687 0.073250
0 0.610836 0.133083 0.032641 0.032333
0 0.800578 0.188056 0.098688 0.142556
0 0.212805 0.280597 0.070672 0.115472
2 0.588555 0.241875 0.016516 0.084472
2 0.612656 0.217694 0.037875 0.107111
2 0.808805 0.296972 0.199422 0.334444
2 0.671063 0.182750 0.076063 0.215667
2 0.494766 0.193722 0.089438 0.208333
1 0.803125 0.333333 0.215625 0.427778
