1 0.967187 0.330556 0.040625 0.227778
0 0.965094 0.237958 0.030156 0.029361
0 0.694500 0.051764 0.016937 0.018361
0 0.649672 0.197194 0.018187 0.022778
0 0.390031 0.286069 0.030156 0.025694
0 0.341688 0.207833 0.016938 0.023500
0 0.244195 0.211139 0.014453 0.019833
0 0.296453 0.329389 0.023125 0.040389
2 0.965250 0.297069 0.033469 0.095472
2 0.652727 0.251542 0.028922 0.070528
2 0.388539 0.345917 0.031797 0.077111
2 0.343508 0.247861 0.024359 0.070500
2 0.246219 0.256681 0.023125 0.054361
2 0.299445 0.386514 0.044203 0.096861
1 0.243750 0.279167 0.034375 0.147222
1 0.387500 0.384722 0.037500 0.213889
1 0.338281 0.270833 0.032813 0.147222
1 0.417969 0.188889 0.032813 0.127778
1 0.302344 0.415278 0.057813 0.208333
1 0.692969 0.106944 0.029687 0.125000
