1 0.582812 0.219444 0.050000 0.183333
1 0.325781 0.331944 0.039062 0.213889
1 0.374453 0.247083 0.039531 0.183611
1 0.163984 0.224444 0.034531 0.176667
1 0.777344 0.344444 0.042188 0.188889
1 0.159375 0.294444 0.046875 0.300000
1 0.644531 0.383333 0.098437 0.216667
1 0.705469 0.047222 0.023438 0.094444
0 0.154547 0.239806 0.025531 0.028556
0 0.783180 0.258931 0.023797 0.029083
0 0.633211 0.300347 0.028266 0.034361
2 0.782086 0.316167 0.034953 0.084056
2 0.640703 0.354167 0.062031 0.082222
2 0.582695 0.204194 0.034703 0.071389
2 0.432984 0.216972 0.040656 0.070500
2 0.378203 0.219625 0.034219 0.075806
2 0.326398 0.294972 0.035703 0.096056
2 0.271859 0.263694 0.039656 0.084611
2 0.260461 0.179083 0.030734 0.079333
2 0.168008 0.192306 0.032234 0.056389
2 0.149914 0.298500 0.037672 0.097833
1 0.508641 0.224778 0.049344 0.179111
1 0.442336 0.241236 0.052422 0.168139
1 0.269633 0.199208 0.052422 0.164472
1 0.276828 0.299708 0.048312 0.201028
