0 0.709953 0.182056 0.011562 0.012500
2 0.232109 0.214333 0.014375 0.030833
2 0.711242 0.205972 0.018828 0.038778
2 0.676047 0.407347 0.020812 0.048472
2 0.266062 0.422333 0.033719 0.050222
2 0.174602 0.513542 0.035203 0.056417
1 0.676562 0.413889 0.021875 0.105556
1 0.228000 0.219292 0.028781 0.062139
1 0.711664 0.200111 0.025703 0.053000
1 0.175062 0.522667 0.042156 0.127944
1 0.263469 0.439514 0.029812 0.115139
0 0.678375 0.371167 0.011062 0.015111
0 0.253156 0.273306 0.009844 0.015556
0 0.264406 0.391083 0.013594 0.018333
0 0.165969 0.477472 0.014844 0.020000
