2 0.207523 0.347236 0.031797 0.059083
2 0.769234 0.286917 0.048312 0.091389
2 0.566203 0.227528 0.069906 0.162667
2 0.571859 0.415750 0.120281 0.155333
0 0.209734 0.319194 0.028094 0.030111
0 0.151078 0.335347 0.030563 0.052139
0 0.532180 0.134472 0.032641 0.055833
0 0.766211 0.231056 0.028078 0.025722
0 0.635594 0.343583 0.050375 0.087722
1 0.564844 0.351389 0.135937 0.463889
1 0.545523 0.437681 0.222297 0.250361
1 0.163281 0.384722 0.067187 0.141667
1 0.769531 0.305556 0.054688 0.161111
1 0.206531 0.360903 0.043125 0.111917
2 0.160664 0.383778 0.064766 0.106000
