2 0.658180 0.822208 0.043391 0.074917
2 0.570187 0.853042 0.033469 0.070528
2 0.503258 0.797958 0.021891 0.089583
1 0.569289 0.883611 0.043172 0.191889
1 0.648445 0.858931 0.047297 0.182750
1 0.684937 0.945722 0.050375 0.104167
1 0.701383 0.884514 0.031859 0.142528
1 0.671063 0.896389 0.041125 0.144389
1 0.889508 0.609472 0.023641 0.096833
1 0.619609 0.463472 0.017656 0.066389
2 0.683711 0.955069 0.047172 0.082639
2 0.673039 0.907639 0.029953 0.078333
2 0.696102 0.873361 0.029266 0.066111
2 0.619797 0.455458 0.017906 0.032417
2 0.888789 0.601736 0.023766 0.039861
0 0.693148 0.908444 0.017609 0.026556
0 0.697133 0.822000 0.020078 0.019889
0 0.674336 0.855417 0.018078 0.027556
0 0.661422 0.786556 0.014625 0.030611
0 0.512648 0.763333 0.020109 0.029111
0 0.575930 0.808236 0.018641 0.022972
1 0.505469 0.798611 0.029687 0.108333
