1 0.721094 0.401389 0.035937 0.186111
2 0.365836 0.048250 0.015328 0.036000
2 0.442477 0.072125 0.019047 0.035250
2 0.731672 0.070653 0.022313 0.045528
2 0.645945 0.101875 0.023547 0.044806
2 0.520570 0.306764 0.036359 0.058028
2 0.757500 0.326611 0.037594 0.083000
2 0.725680 0.369556 0.032641 0.083722
2 0.629633 0.414722 0.037172 0.080056
2 0.116547 0.285472 0.028094 0.062444
2 0.104148 0.401139 0.045453 0.089611
2 0.182852 0.272250 0.032641 0.072722
2 0.224984 0.362222 0.043375 0.091056
2 0.336523 0.337625 0.029328 0.058028
2 0.343555 0.436764 0.030984 0.096194
2 0.278484 0.387931 0.033875 0.085194
0 0.095937 0.342222 0.021219 0.029056
0 0.625531 0.354208 0.025813 0.031639
0 0.724789 0.316472 0.020078 0.025500
0 0.762453 0.270653 0.020313 0.026417
0 0.520281 0.274611 0.017844 0.025556
0 0.647687 0.075083 0.008937 0.014111
0 0.221594 0.310306 0.022313 0.026444
0 0.116250 0.246417 0.014875 0.018500
0 0.181969 0.229458 0.015438 0.018917
1 0.276562 0.418056 0.034375 0.208333
1 0.332813 0.462500 0.059375 0.225000
1 0.107031 0.443056 0.045312 0.186111
1 0.178906 0.297222 0.035937 0.144444
1 0.117969 0.302778 0.032813 0.144444
1 0.522656 0.330556 0.042188 0.150000
1 0.340422 0.374681 0.055094 0.150083
1 0.449219 0.340278 0.039062 0.102778
1 0.732070 0.086875 0.031172 0.115139
1 0.625781 0.447222 0.045312 0.227778
1 0.756250 0.344444 0.040625 0.166667
1 0.386828 0.333528 0.048312 0.137056
1 0.343672 0.052083 0.023594 0.085889
1 0.363641 0.053000 0.022719 0.080389
1 0.444852 0.086722 0.026828 0.093389
1 0.566719 0.114222 0.038031 0.107833
1 0.642273 0.121528 0.032891 0.118778
1 0.222352 0.390167 0.054484 0.195556
