1 0.815625 0.326389 0.034375 0.180556
1 0.182812 0.416667 0.043750 0.227778
1 0.217969 0.294444 0.035937 0.166667
1 0.374219 0.384722 0.032813 0.202778
1 0.499219 0.229167 0.032813 0.163889
1 0.469531 0.250000 0.035937 0.183333
1 0.282813 0.280556 0.025000 0.166667
1 0.189844 0.297222 0.039062 0.138889
1 0.301563 0.286111 0.028125 0.155556
1 0.401562 0.298611 0.034375 0.180556
1 0.642227 0.051167 0.024766 0.102333
1 0.720352 0.054819 0.026828 0.109639
1 0.512188 0.047514 0.029906 0.091361
2 0.283852 0.246694 0.027672 0.079333
0 0.552508 0.096417 0.017359 0.022889
0 0.184664 0.318500 0.027266 0.031722
2 0.373500 0.352819 0.035125 0.085917
2 0.306164 0.265069 0.026016 0.071972
0 0.814758 0.240069 0.027266 0.031750
0 0.737914 0.261222 0.027266 0.035278
2 0.184492 0.383681 0.040484 0.091806
2 0.220234 0.276819 0.031812 0.074917
2 0.190898 0.273500 0.032641 0.059500
2 0.746547 0.322333 0.038406 0.086667
2 0.816570 0.295903 0.030578 0.080806
2 0.718664 0.031875 0.021484 0.041861
2 0.509211 0.032611 0.023141 0.049222
2 0.468523 0.223931 0.030984 0.082250
2 0.405312 0.265792 0.032625 0.074917
1 0.551562 0.156944 0.031250 0.141667
1 0.742188 0.345833 0.046875 0.208333
