1 0.587664 0.642014 0.012734 0.055083
0 0.154250 0.812264 0.011281 0.013583
2 0.155703 0.837306 0.015000 0.038667
2 0.136016 0.850472 0.018750 0.031667
2 0.089234 0.843806 0.018938 0.041667
2 0.587781 0.632361 0.010125 0.020333
2 0.583781 0.675528 0.009625 0.021333
2 0.616469 0.684194 0.010500 0.022667
2 0.644125 0.676694 0.011062 0.021667
2 0.664281 0.649861 0.012375 0.026667
1 0.153906 0.847222 0.020313 0.105556
1 0.134844 0.868056 0.022812 0.091667
1 0.087500 0.854167 0.021875 0.091667
1 0.583352 0.680569 0.010328 0.052639
1 0.615031 0.693125 0.013781 0.050806
1 0.665125 0.654875 0.015500 0.051417
1 0.644117 0.683625 0.014109 0.053861
