1 0.471289 0.660333 0.021922 0.121833
1 0.611773 0.709069 0.035641 0.143750
1 0.568602 0.885722 0.043859 0.155944
2 0.612797 0.701153 0.029469 0.059694
2 0.567914 0.875986 0.037016 0.063361
2 0.561406 0.661542 0.028094 0.043861
2 0.469578 0.653625 0.018500 0.045083
2 0.446953 0.660333 0.018500 0.041444
2 0.362289 0.662778 0.019266 0.036556
0 0.608016 0.657597 0.013312 0.015083
1 0.446617 0.669472 0.020547 0.123056
1 0.362289 0.680431 0.021984 0.113306
0 0.469406 0.620292 0.009906 0.012250
0 0.569859 0.824667 0.014281 0.022000
0 0.556828 0.623236 0.011562 0.015194
1 0.560375 0.676167 0.031531 0.134000
