1 0.949156 0.323153 0.035531 0.189472
2 0.777570 0.101708 0.023297 0.046694
2 0.945383 0.301319 0.041641 0.081083
2 0.748320 0.345819 0.038172 0.080194
2 0.498711 0.278861 0.034703 0.083722
2 0.455344 0.299111 0.047094 0.071389
2 0.389406 0.297806 0.020313 0.065222
2 0.348266 0.318944 0.025281 0.070500
2 0.243656 0.277083 0.030250 0.050222
2 0.319750 0.381958 0.032719 0.087250
2 0.282320 0.425153 0.031234 0.080194
2 0.064562 0.714556 0.059625 0.124278
1 0.283594 0.451389 0.045312 0.208333
1 0.242969 0.300000 0.032813 0.144444
1 0.747656 0.373611 0.045312 0.186111
1 0.067969 0.755556 0.060937 0.305556
1 0.454688 0.331944 0.040625 0.197222
1 0.347656 0.352778 0.029687 0.172222
1 0.497656 0.311111 0.039062 0.188889
1 0.322656 0.418056 0.039062 0.186111
1 0.367047 0.331472 0.028125 0.161167
1 0.381242 0.323806 0.028984 0.158111
1 0.399578 0.303375 0.039063 0.168139
1 0.553937 0.080375 0.017312 0.082472
1 0.520648 0.072972 0.017266 0.084611
1 0.633086 0.103653 0.022016 0.101528
1 0.672055 0.112097 0.024984 0.078250
1 0.777047 0.116333 0.022000 0.107889
1 0.800547 0.113167 0.019031 0.116333
0 0.055820 0.624097 0.038047 0.045694
0 0.283367 0.365875 0.024797 0.029361
0 0.748469 0.297625 0.023406 0.027528
0 0.950156 0.255153 0.015938 0.022694
