1 0.698438 0.090278 0.028125 0.108333
1 0.364844 0.172222 0.035937 0.111111
2 0.848094 0.256236 0.035125 0.098417
1 0.224219 0.200000 0.039062 0.155556
1 0.363281 0.318056 0.039062 0.202778
1 0.321094 0.202778 0.029687 0.155556
1 0.628867 0.240236 0.028891 0.206694
0 0.271523 0.234958 0.030297 0.031806
0 0.222469 0.129681 0.021687 0.024472
2 0.700609 0.073014 0.026031 0.055083
2 0.629344 0.205944 0.033875 0.083000
0 0.678797 0.014764 0.015281 0.020583
0 0.701727 0.037153 0.016516 0.018361
0 0.631492 0.145861 0.022297 0.024222
0 0.844453 0.195431 0.021063 0.027917
2 0.364125 0.272028 0.036344 0.083000
2 0.269930 0.302514 0.028922 0.092528
2 0.225312 0.173250 0.030563 0.054333
2 0.366812 0.169208 0.035937 0.074194
2 0.322602 0.176931 0.027672 0.077861
1 0.847656 0.290278 0.035937 0.219444
1 0.267969 0.340278 0.042188 0.208333
1 0.675781 0.069444 0.023438 0.122222
