1 0.189844 0.412500 0.379688 0.780556
1 0.803906 0.206944 0.135937 0.413889
1 0.940938 0.602917 0.111875 0.372500
1 0.049531 0.260972 0.099062 0.255833
2 0.028633 0.207431 0.057266 0.129750
2 0.182773 0.360014 0.333078 0.423972
2 0.183289 0.184583 0.177828 0.212000
2 0.551297 0.257667 0.194281 0.296056
2 0.533828 0.210167 0.107937 0.193722
2 0.821141 0.088639 0.078125 0.177278
2 0.978930 0.148944 0.042141 0.180944
2 0.977906 0.648764 0.044187 0.263139
0 0.245914 0.056556 0.079328 0.109833
0 0.215617 0.099514 0.125516 0.170139
0 0.667977 0.084986 0.076078 0.151694
1 0.562094 0.317069 0.182969 0.564694
1 0.190484 0.334431 0.204563 0.665194
0 0.569805 0.090458 0.062703 0.089528
0 0.958891 0.457792 0.076062 0.137083
1 0.975781 0.226389 0.045312 0.347222
1 0.573438 0.404167 0.253125 0.758333
