1 0.785937 0.608333 0.271875 0.605556
1 0.399219 0.547222 0.189062 0.666667
2 0.391453 0.463264 0.185031 0.360028
2 0.248562 0.310681 0.049344 0.186417
2 0.747133 0.514444 0.189141 0.363667
2 0.650453 0.349958 0.139906 0.254028
2 0.552844 0.324389 0.098687 0.206500
2 0.466492 0.229361 0.143922 0.312500
1 0.565625 0.383333 0.084375 0.455556
0 0.402766 0.331694 0.106906 0.239389
0 0.740445 0.475153 0.091484 0.168139
0 0.614523 0.202861 0.051391 0.073111
0 0.536859 0.063972 0.081313 0.124278
0 0.565023 0.183069 0.058297 0.068750
1 0.472656 0.375000 0.173437 0.722222
1 0.648438 0.384722 0.150000 0.436111
