1 0.841406 0.159722 0.014063 0.080556
1 0.926562 0.277778 0.025000 0.111111
2 0.027555 0.403875 0.034953 0.057250
2 0.361297 0.435556 0.048656 0.101111
2 0.864766 0.148917 0.013781 0.039167
2 0.841344 0.153056 0.011406 0.032500
2 0.885250 0.153972 0.015469 0.033611
0 0.866344 0.121750 0.009219 0.009167
0 0.887234 0.125417 0.009406 0.008556
1 0.361719 0.470833 0.054688 0.258333
1 0.029687 0.402778 0.040625 0.088889
1 0.865547 0.162500 0.017969 0.091667
1 0.885313 0.163889 0.016875 0.088889
0 0.841906 0.126819 0.008719 0.012639
0 0.924883 0.236597 0.013547 0.014694
0 0.377117 0.639903 0.017047 0.050750
0 0.372828 0.368889 0.024750 0.044000
0 0.276656 0.441028 0.027406 0.031667
1 0.418594 0.694444 0.103437 0.177778
1 0.273438 0.575000 0.046875 0.305556
