0 0.218844 0.337681 0.027250 0.038694
0 0.276250 0.334389 0.018938 0.038944
2 0.827383 0.327681 0.040453 0.068861
1 0.563281 0.302778 0.092188 0.394444
1 0.242969 0.391667 0.073438 0.127778
1 0.645312 0.469444 0.240625 0.244444
1 0.278906 0.390278 0.054688 0.130556
1 0.825773 0.341750 0.062703 0.142556
2 0.272773 0.345431 0.035578 0.046417
2 0.248102 0.388278 0.064266 0.105556
2 0.657180 0.427639 0.142891 0.175444
2 0.572258 0.232097 0.086109 0.168139
0 0.826016 0.293667 0.026406 0.031722
0 0.714297 0.383139 0.047125 0.081222
0 0.546180 0.133125 0.037828 0.060917
