1 0.595500 0.238500 0.017469 0.067611
1 0.904687 0.477778 0.040625 0.133333
0 0.909281 0.428736 0.015656 0.022583
0 0.970031 0.410250 0.012969 0.017278
0 0.764133 0.174028 0.008609 0.011111
0 0.259898 0.261139 0.010016 0.014667
2 0.262578 0.282986 0.018188 0.035250
2 0.598781 0.227597 0.013156 0.022083
1 0.261930 0.294222 0.024672 0.091389
2 0.905320 0.459528 0.034703 0.066111
1 0.968750 0.462500 0.025000 0.113889
1 0.447477 0.109653 0.021578 0.065806
1 0.763578 0.191889 0.026719 0.054833
2 0.764578 0.194444 0.012437 0.035722
2 0.970023 0.447625 0.030234 0.054639
