2 0.313664 0.447125 0.034266 0.060917
1 0.739844 0.333333 0.014063 0.055556
1 0.909375 0.325000 0.021875 0.088889
1 0.313281 0.440278 0.032813 0.086111
1 0.942969 0.326389 0.014063 0.086111
1 0.516406 0.408333 0.035937 0.122222
1 0.816406 0.447222 0.026562 0.172222
1 0.555469 0.398611 0.029687 0.113889
1 0.779687 0.452778 0.031250 0.166667
1 0.792188 0.450000 0.018750 0.155556
0 0.788117 0.378917 0.014047 0.016667
0 0.816234 0.377056 0.019844 0.022500
2 0.775203 0.430681 0.018531 0.076750
2 0.790984 0.423375 0.018500 0.062139
2 0.817367 0.430681 0.024672 0.067028
