0 0.937234 0.393486 0.013375 0.015750
2 0.284328 0.245111 0.014813 0.033056
2 0.107219 0.307000 0.016531 0.035500
2 0.130664 0.442486 0.027266 0.048472
2 0.077172 0.569181 0.040063 0.068306
2 0.937750 0.425111 0.017906 0.045278
2 0.811180 0.274847 0.016922 0.046417
1 0.284031 0.244875 0.017469 0.062139
1 0.809836 0.286917 0.020547 0.109667
1 0.127773 0.458694 0.033922 0.124278
1 0.933984 0.442222 0.030469 0.117778
1 0.077344 0.590278 0.042188 0.147222
0 0.083484 0.535278 0.016656 0.024778
0 0.126977 0.408111 0.018016 0.022944
0 0.282781 0.221153 0.010875 0.013917
0 0.812672 0.243861 0.012000 0.020611
