1 0.816406 0.209722 0.032813 0.208333
0 0.278930 0.189236 0.030297 0.032417
0 0.231758 0.087042 0.015141 0.020194
1 0.332031 0.159722 0.035937 0.158333
1 0.373437 0.270833 0.037500 0.191667
1 0.639062 0.161111 0.034375 0.166667
1 0.239063 0.152778 0.050000 0.150000
1 0.280469 0.290278 0.039062 0.208333
2 0.815289 0.175528 0.034703 0.096944
2 0.642398 0.144319 0.034297 0.072694
2 0.377797 0.227681 0.033875 0.079306
2 0.330703 0.132931 0.024781 0.074917
2 0.233414 0.128528 0.025203 0.049944
2 0.281125 0.259250 0.028094 0.091056
