1 0.635938 0.843056 0.037500 0.136111
1 0.740625 0.477778 0.015625 0.083333
1 0.479687 0.829167 0.025000 0.152778
0 0.352156 0.748250 0.013187 0.017833
0 0.644805 0.790264 0.011359 0.018972
1 0.427344 0.618056 0.023438 0.102778
1 0.408594 0.823611 0.023438 0.130556
1 0.354687 0.800000 0.021875 0.116667
2 0.409305 0.804208 0.021797 0.062750
0 0.456437 0.806653 0.016938 0.022417
0 0.450703 0.760500 0.012906 0.022944
0 0.421727 0.769931 0.011766 0.015306
1 0.730469 0.472222 0.023438 0.094444
1 0.458594 0.851389 0.032813 0.169444
