2 0.387508 0.326319 0.034703 0.085194
1 0.857578 0.040417 0.040781 0.075278
1 0.239844 0.238889 0.045312 0.138889
1 0.273438 0.397222 0.050000 0.188889
1 0.666430 0.077667 0.033922 0.082222
1 0.624750 0.078583 0.018594 0.076778
1 0.471633 0.287833 0.037016 0.210167
1 0.433086 0.182750 0.031859 0.135222
1 0.367242 0.283264 0.040203 0.149861
1 0.678125 0.315278 0.037500 0.213889
1 0.053906 0.673611 0.051562 0.302778
1 0.832031 0.262500 0.035937 0.152778
2 0.468891 0.253236 0.038000 0.087417
1 0.340055 0.286931 0.032891 0.182750
2 0.678344 0.276736 0.029750 0.074194
2 0.831797 0.240167 0.029125 0.062444
0 0.047047 0.544833 0.039156 0.053778
0 0.237414 0.177764 0.017359 0.021139
0 0.276570 0.297611 0.027266 0.031722
0 0.632273 0.201556 0.019828 0.024667
2 0.273750 0.360931 0.035969 0.082250
2 0.053250 0.637792 0.051406 0.127917
1 0.632031 0.273611 0.026562 0.158333
1 0.396875 0.358333 0.084375 0.216667
