1 0.186719 0.465278 0.020313 0.097222
0 0.283508 0.602458 0.035641 0.030472
0 0.088672 0.513153 0.023125 0.027028
0 0.457406 0.532597 0.023469 0.029972
2 0.281461 0.735875 0.094578 0.185194
2 0.453133 0.609764 0.054141 0.115750
2 0.884188 0.579931 0.041812 0.095028
2 0.138227 0.480625 0.020547 0.045083
2 0.033359 0.427028 0.013750 0.037778
2 0.186648 0.454250 0.017609 0.032167
1 0.754687 0.581944 0.059375 0.269444
1 0.284375 0.790278 0.103125 0.413889
1 0.675781 0.668056 0.057813 0.302778
1 0.882812 0.618056 0.046875 0.252778
1 0.595313 0.594444 0.075000 0.277778
1 0.094531 0.631944 0.051562 0.269444
1 0.454688 0.664306 0.056250 0.293611
1 0.138906 0.496667 0.024687 0.110000
1 0.327344 0.430556 0.014063 0.061111
1 0.034359 0.439056 0.017188 0.097222
