2 0.287109 0.759333 0.208687 0.469667
2 0.030070 0.741042 0.056641 0.356361
2 0.072781 0.631403 0.080187 0.184583
2 0.228523 0.549167 0.062703 0.133389
2 0.468039 0.524500 0.062703 0.135222
0 0.465977 0.423972 0.031859 0.036556
0 0.090602 0.533681 0.033859 0.048972
0 0.140945 0.460250 0.022672 0.033667
0 0.097344 0.506153 0.026688 0.032639
1 0.225156 0.670417 0.062812 0.440833
1 0.227344 0.656944 0.423438 0.636111
0 0.269641 0.414847 0.099719 0.149861
1 0.463281 0.600000 0.082812 0.394444
1 0.041406 0.747222 0.082812 0.411111
1 0.082031 0.637500 0.085938 0.269444
