2 0.532750 0.212431 0.036719 0.071417
2 0.452281 0.252458 0.033562 0.085194
2 0.389594 0.296333 0.028687 0.085167
2 0.361906 0.380736 0.035281 0.088750
2 0.322172 0.288667 0.025250 0.059667
2 0.176867 0.294806 0.028391 0.053556
2 0.164273 0.401139 0.032891 0.093222
1 0.396078 0.053000 0.023656 0.080389
1 0.784047 0.073472 0.030656 0.105278
1 0.291687 0.312417 0.022719 0.182944
0 0.168844 0.340222 0.029563 0.028778
0 0.170828 0.340167 0.023750 0.028167
0 0.324367 0.230611 0.018922 0.026944
0 0.807375 0.313236 0.022375 0.031806
0 0.750742 0.320583 0.025484 0.029389
2 0.264656 0.270306 0.024969 0.072944
2 0.202539 0.290972 0.033859 0.068333
2 0.785930 0.060694 0.022672 0.041333
1 0.709531 0.094722 0.025312 0.099444
1 0.753125 0.409722 0.040625 0.208333
1 0.802344 0.391667 0.039062 0.188889
1 0.162500 0.436111 0.043750 0.222222
1 0.452344 0.291667 0.035937 0.183333
1 0.361719 0.418056 0.039062 0.219444
1 0.483594 0.268056 0.029687 0.147222
1 0.200000 0.313889 0.031250 0.161111
1 0.385937 0.338889 0.028125 0.177778
1 0.175781 0.311111 0.029687 0.138889
1 0.321172 0.302778 0.035781 0.177778
1 0.270313 0.298611 0.031250 0.152778
1 0.540000 0.227778 0.045625 0.144444
2 0.706891 0.085681 0.020656 0.050472
2 0.755375 0.374875 0.036719 0.083139
2 0.803711 0.358556 0.040453 0.079056
1 0.626344 0.106917 0.023656 0.118778
1 0.500875 0.086708 0.021687 0.097028
1 0.423273 0.059306 0.018609 0.075111
2 0.291336 0.304486 0.028984 0.063750
2 0.498469 0.074722 0.016937 0.038778
