1 0.357812 0.297222 0.031250 0.144444
1 0.377344 0.334722 0.032813 0.175000
2 0.508336 0.253736 0.030234 0.066083
0 0.212469 0.230736 0.017500 0.023972
2 0.381172 0.299556 0.025781 0.064333
2 0.336062 0.378000 0.038656 0.074889
0 0.033156 0.616694 0.044312 0.045889
0 0.354453 0.238333 0.020250 0.030111
0 0.255719 0.354736 0.024375 0.029361
0 0.508344 0.212250 0.019000 0.027889
2 0.255766 0.415764 0.039062 0.096861
2 0.032687 0.709986 0.061687 0.129750
1 0.221875 0.297222 0.046875 0.138889
1 0.501563 0.283333 0.040625 0.150000
1 0.768156 0.114125 0.021687 0.108028
1 0.741477 0.116958 0.023641 0.095028
1 0.268750 0.303750 0.075000 0.107500
2 0.214359 0.272681 0.023313 0.056417
1 0.648391 0.113306 0.033000 0.076778
1 0.592422 0.126097 0.027750 0.065806
1 0.496258 0.074014 0.028891 0.089528
1 0.260898 0.453222 0.057578 0.219278
2 0.554688 0.269583 0.026781 0.071389
1 0.337500 0.401389 0.043750 0.247222
1 0.554688 0.300000 0.034375 0.183333
1 0.036719 0.750000 0.057813 0.311111
