1 0.449219 0.486111 0.014063 0.088889
1 0.399609 0.505542 0.021406 0.091694
1 0.116406 0.481944 0.014063 0.086111
1 0.405750 0.391514 0.019094 0.078250
1 0.664844 0.434722 0.020656 0.077222
1 0.097656 0.493056 0.014063 0.080556
2 0.416477 0.481167 0.013109 0.032444
2 0.471227 0.429181 0.013766 0.032361
1 0.126562 0.481944 0.015625 0.080556
0 0.399516 0.464847 0.008906 0.010028
0 0.451047 0.450694 0.008594 0.011389
0 0.096758 0.465083 0.010047 0.009389
1 0.637750 0.441222 0.017906 0.090944
1 0.472070 0.437722 0.018359 0.070444
1 0.432031 0.491667 0.014063 0.083333
1 0.418281 0.497083 0.017812 0.083056
