2 0.298422 0.317986 0.050375 0.095028
2 0.213086 0.218861 0.023547 0.069056
1 0.272203 0.140722 0.039062 0.160833
0 0.093641 0.263361 0.027187 0.029389
0 0.586969 0.198167 0.023063 0.031222
0 0.556852 0.307111 0.024109 0.031222
1 0.640625 0.055556 0.025000 0.111111
1 0.207031 0.241667 0.035937 0.172222
1 0.091406 0.330556 0.051562 0.305556
1 0.585938 0.276389 0.046875 0.197222
1 0.575781 0.368056 0.067187 0.252778
1 0.300000 0.343056 0.056250 0.208333
1 0.127344 0.250000 0.051562 0.177778
1 0.376031 0.274125 0.045219 0.171806
2 0.098031 0.214819 0.023969 0.072694
2 0.087172 0.323472 0.045219 0.102333
2 0.129227 0.223625 0.030984 0.068306
