2 0.499102 0.131875 0.029609 0.081861
2 0.527820 0.784611 0.121297 0.380111
2 0.281453 0.495861 0.127469 0.187611
2 0.227523 0.377681 0.072234 0.143750
2 0.156555 0.241056 0.059203 0.164222
2 0.119367 0.142319 0.036703 0.086306
2 0.598125 0.253639 0.046906 0.174333
2 0.611437 0.430083 0.106219 0.138889
2 0.667391 0.326958 0.076469 0.096083
2 0.817852 0.172847 0.026641 0.054139
1 0.370953 0.102028 0.030594 0.096667
2 0.369969 0.102986 0.020719 0.049139
0 0.128289 0.068569 0.022203 0.026306
0 0.562773 0.515958 0.065109 0.091361
0 0.691961 0.450167 0.032891 0.086500
0 0.723141 0.351486 0.022625 0.064583
0 0.601313 0.130972 0.035219 0.047389
0 0.505156 0.074389 0.016844 0.016444
0 0.390109 0.169153 0.048250 0.062306
0 0.289148 0.340347 0.059203 0.085972
1 0.257094 0.390417 0.136437 0.191389
0 0.365031 0.452611 0.024750 0.084056
0 0.366250 0.067167 0.014219 0.012333
0 0.152961 0.115736 0.036328 0.046306
0 0.128977 0.069444 0.021234 0.026778
1 0.597656 0.245833 0.054688 0.275000
1 0.155469 0.294444 0.092188 0.411111
1 0.554688 0.729306 0.190625 0.535833
1 0.295312 0.561111 0.193750 0.411111
1 0.628047 0.448611 0.177969 0.286111
1 0.389062 0.365417 0.128125 0.463611
1 0.823516 0.181111 0.049844 0.115556
1 0.501430 0.162375 0.032453 0.195806
1 0.120313 0.169444 0.043750 0.233333
1 0.680312 0.334528 0.117188 0.137944
