1 0.566406 0.212500 0.029687 0.158333
1 0.754687 0.279167 0.034375 0.125000
1 0.017969 0.663889 0.035937 0.305556
0 0.009508 0.535361 0.017578 0.055000
0 0.238336 0.257611 0.026859 0.033667
0 0.449891 0.211708 0.018938 0.025083
0 0.566938 0.141014 0.016875 0.023250
0 0.596547 0.155708 0.018250 0.023250
0 0.849578 0.254847 0.025125 0.028139
0 0.802422 0.216597 0.021000 0.026306
2 0.449930 0.268500 0.029734 0.080056
2 0.566836 0.191028 0.027266 0.079333
2 0.754398 0.270708 0.032234 0.071250
2 0.419148 0.227014 0.033453 0.063139
2 0.851688 0.310000 0.042563 0.083722
2 0.596797 0.196528 0.037594 0.066833
2 0.304078 0.192806 0.030844 0.074944
2 0.018398 0.633139 0.036797 0.111667
2 0.236141 0.319917 0.037594 0.087389
2 0.243984 0.201681 0.021062 0.049194
1 0.418180 0.262250 0.030828 0.195556
1 0.446914 0.289653 0.035047 0.199194
1 0.301563 0.218056 0.037500 0.141667
1 0.841719 0.347222 0.054063 0.213889
1 0.414844 0.326389 0.042188 0.197222
1 0.238281 0.342500 0.042188 0.203889
1 0.802344 0.291667 0.032813 0.183333
1 0.594531 0.226389 0.032813 0.169444
