1 0.735938 0.703750 0.034375 0.170278
1 0.621875 0.729167 0.043750 0.236111
2 0.095703 0.768903 0.082812 0.171750
2 0.188742 0.729667 0.044953 0.067556
2 0.269117 0.693833 0.035641 0.047500
2 0.339711 0.699319 0.024672 0.046306
2 0.436000 0.661556 0.019875 0.036556
2 0.496984 0.678611 0.026719 0.068222
2 0.621828 0.694764 0.041312 0.093528
2 0.689508 0.689889 0.029422 0.071111
2 0.737328 0.695181 0.028750 0.073417
2 0.841352 0.737097 0.037016 0.058472
1 0.566406 0.722222 0.020313 0.105556
1 0.839453 0.751333 0.044531 0.162889
1 0.340625 0.713750 0.028125 0.133611
1 0.436719 0.669444 0.023438 0.088889
1 0.542969 0.737500 0.032813 0.091667
0 0.118695 0.674944 0.033578 0.053611
0 0.208445 0.663208 0.012234 0.014694
0 0.272656 0.650542 0.011469 0.011417
0 0.335023 0.658222 0.012891 0.018778
0 0.612320 0.623583 0.017891 0.021556
0 0.829867 0.686139 0.018172 0.023500
0 0.727094 0.629806 0.017125 0.019444
0 0.683289 0.640181 0.015703 0.023972
0 0.564312 0.684250 0.011844 0.015167
1 0.192812 0.754444 0.057500 0.130000
1 0.496094 0.700000 0.032813 0.172222
1 0.689844 0.707361 0.032813 0.163056
1 0.095703 0.761111 0.085156 0.222222
1 0.269531 0.715139 0.035937 0.141944
1 0.207813 0.721806 0.025000 0.139722
