1 0.557813 0.394444 0.034375 0.133333
1 0.394531 0.500000 0.067187 0.205556
1 0.509375 0.387500 0.031250 0.125000
1 0.621203 0.409361 0.035969 0.131556
1 0.750258 0.524833 0.017359 0.104000
1 0.777023 0.542458 0.034203 0.095194
1 0.207133 0.669597 0.033922 0.213806
0 0.208742 0.577958 0.022672 0.024472
2 0.773406 0.523722 0.025281 0.043278
2 0.749117 0.506583 0.018328 0.040556
2 0.623445 0.391125 0.029734 0.061694
2 0.560484 0.374375 0.033719 0.054639
2 0.402586 0.479264 0.049078 0.112806
2 0.207023 0.646722 0.041641 0.104000
