0 0.110844 0.271528 0.021313 0.030833
1 0.500453 0.037944 0.025656 0.070167
1 0.468508 0.037944 0.028359 0.070167
1 0.226109 0.214472 0.034531 0.182000
1 0.239680 0.219958 0.029609 0.144750
1 0.216242 0.244083 0.039484 0.166667
1 0.594953 0.040903 0.039469 0.081806
1 0.683148 0.085083 0.025891 0.116222
1 0.361070 0.056556 0.036078 0.109833
1 0.425375 0.262250 0.069906 0.169944
2 0.684367 0.069167 0.022016 0.049722
2 0.167406 0.217764 0.031531 0.074028
2 0.070430 0.195028 0.025578 0.058167
2 0.106719 0.331444 0.035094 0.085667
2 0.294109 0.312944 0.035094 0.086722
2 0.353305 0.248958 0.034516 0.049694
2 0.418148 0.243139 0.041641 0.065556
2 0.611781 0.286500 0.047000 0.059222
2 0.655641 0.360014 0.049344 0.091361
1 0.359141 0.278333 0.043281 0.156667
1 0.642969 0.390278 0.060937 0.213889
1 0.107031 0.354167 0.042188 0.208333
1 0.071875 0.220833 0.031250 0.136111
1 0.170313 0.237500 0.034375 0.158333
1 0.602344 0.306944 0.064062 0.158333
1 0.291406 0.344861 0.067187 0.215833
0 0.646750 0.296222 0.025281 0.032611
0 0.613031 0.247736 0.026281 0.030861
