2 0.322234 0.871722 0.037688 0.069444
0 0.591000 0.677056 0.008812 0.010778
0 0.629852 0.666514 0.010234 0.008806
0 0.433000 0.668250 0.009906 0.014111
0 0.416977 0.628806 0.009359 0.010278
0 0.387039 0.654583 0.009578 0.012944
1 0.353516 0.668333 0.025469 0.097222
1 0.631250 0.715278 0.025000 0.136111
1 0.321875 0.883333 0.040625 0.155556
1 0.594773 0.721653 0.028578 0.105028
1 0.413727 0.671903 0.024672 0.108417
1 0.436680 0.706028 0.026734 0.106000
1 0.388359 0.723083 0.030156 0.154722
2 0.632328 0.698708 0.019187 0.045083
2 0.594648 0.712111 0.024672 0.045056
2 0.435992 0.702972 0.023984 0.048722
2 0.413727 0.665806 0.024672 0.052389
2 0.383914 0.693833 0.022609 0.052389
2 0.353078 0.659125 0.019875 0.043861
