1 0.617969 0.594444 0.076563 0.261111
0 0.856437 0.575042 0.028781 0.041417
1 0.352344 0.763889 0.123438 0.311111
1 0.425781 0.643056 0.104688 0.341667
1 0.502344 0.852778 0.132812 0.277778
2 0.854719 0.643889 0.050031 0.084056
1 0.856398 0.641458 0.053516 0.183972
2 0.760141 0.625611 0.058250 0.120611
1 0.752922 0.612208 0.083656 0.201028
2 0.620688 0.591500 0.065781 0.120611
0 0.771109 0.543375 0.034938 0.038972
0 0.612805 0.491597 0.034953 0.057250
0 0.510352 0.750486 0.050703 0.065806
0 0.440102 0.496472 0.034953 0.047500
0 0.338336 0.636583 0.042484 0.054833
2 0.505898 0.846736 0.119922 0.126694
2 0.428461 0.615250 0.092516 0.158389
2 0.356844 0.787042 0.105531 0.194917
