1 0.272656 0.415278 0.054688 0.202778
1 0.230469 0.259722 0.035937 0.141667
1 0.309609 0.280278 0.031719 0.149444
1 0.047656 0.701389 0.054688 0.308333
1 0.625781 0.291667 0.035937 0.183333
1 0.571875 0.266667 0.034375 0.161111
1 0.846875 0.052778 0.065625 0.100000
1 0.900813 0.254931 0.031875 0.169972
1 0.662273 0.091292 0.025797 0.080583
1 0.617094 0.089542 0.027750 0.065806
1 0.510133 0.042028 0.025797 0.084056
1 0.353422 0.289667 0.039062 0.155333
1 0.385742 0.373639 0.036078 0.235944
1 0.388367 0.227514 0.034953 0.148028
0 0.040422 0.570653 0.038719 0.049361
0 0.385742 0.170528 0.020328 0.033500
0 0.354750 0.226056 0.017844 0.033500
0 0.268742 0.318597 0.024297 0.029972
0 0.567922 0.195208 0.022812 0.022917
0 0.905523 0.189931 0.017859 0.028194
2 0.046055 0.665208 0.057578 0.135250
2 0.267070 0.377389 0.034953 0.104167
2 0.628398 0.262236 0.035984 0.096861
2 0.352391 0.264986 0.028781 0.080417
2 0.898758 0.224792 0.027766 0.062139
2 0.308305 0.266514 0.023984 0.073083
