2 0.950320 0.530583 0.082234 0.159611
1 0.165625 0.775000 0.096875 0.311111
0 0.134805 0.654861 0.034266 0.071889
0 0.945180 0.389250 0.036328 0.052389
0 0.867047 0.515958 0.029469 0.037750
2 0.168383 0.724306 0.086359 0.103556
0 0.707031 0.472708 0.056188 0.075528
2 0.862945 0.584194 0.045922 0.074333
0 0.500414 0.554333 0.044547 0.068222
0 0.408922 0.548861 0.120625 0.115722
2 0.340734 0.777292 0.188469 0.324083
2 0.696070 0.670694 0.135703 0.230278
1 0.700781 0.709722 0.145313 0.558333
1 0.361719 0.743056 0.248438 0.502778
1 0.519531 0.666667 0.092188 0.300000
1 0.064844 0.797222 0.126562 0.388889
1 0.862500 0.562500 0.053125 0.130556
1 0.951562 0.497222 0.090625 0.277778
