2 0.032281 0.240319 0.064562 0.272306
2 0.467523 0.386528 0.193266 0.210167
2 0.397102 0.280528 0.132609 0.159000
0 0.564625 0.374167 0.057562 0.138444
0 0.461352 0.273569 0.035984 0.093194
0 0.704984 0.229722 0.048312 0.056667
0 0.543039 0.154069 0.038547 0.062194
0 0.176828 0.178181 0.039969 0.087583
1 0.359375 0.438889 0.293750 0.416667
1 0.132031 0.269444 0.129688 0.283333
1 0.362500 0.530556 0.246875 0.427778
1 0.059375 0.301389 0.118750 0.552778
0 0.035258 0.050708 0.065797 0.097028
1 0.482031 0.462500 0.295312 0.347222
1 0.741406 0.363889 0.148438 0.372222
2 0.106141 0.201028 0.097750 0.109667
2 0.744047 0.313417 0.117188 0.213833
1 0.528906 0.220833 0.073438 0.186111
1 0.760000 0.122222 0.098750 0.244444
