2 0.772484 0.343583 0.102313 0.313278
1 0.393547 0.201292 0.031062 0.158639
0 0.330437 0.139875 0.013875 0.017639
0 0.368477 0.147556 0.014734 0.013944
2 0.326609 0.183153 0.020125 0.054750
2 0.584508 0.271569 0.077953 0.131583
0 0.388031 0.134347 0.015375 0.017139
0 0.782766 0.116208 0.060406 0.075806
0 0.565727 0.170278 0.036953 0.058111
1 0.368859 0.210778 0.017906 0.147389
2 0.369023 0.199028 0.015234 0.057444
2 0.394023 0.188417 0.023859 0.077111
1 0.327344 0.208333 0.020313 0.155556
1 0.767188 0.409722 0.115625 0.669444
1 0.586719 0.322222 0.079687 0.361111
