2 0.501102 0.826639 0.023984 0.067000
0 0.505555 0.782167 0.015078 0.017056
0 0.520562 0.773097 0.013219 0.014694
0 0.326820 0.505750 0.008922 0.009389
1 0.525422 0.836389 0.030156 0.159611
1 0.602867 0.657292 0.020547 0.096250
1 0.362320 0.670083 0.026047 0.099889
1 0.406523 0.615861 0.023984 0.086500
1 0.330797 0.654250 0.020562 0.107222
1 0.323609 0.537278 0.019875 0.085278
2 0.328742 0.642069 0.017828 0.043861
2 0.322234 0.534236 0.019875 0.040194
2 0.361297 0.668250 0.019875 0.049944
2 0.524398 0.818722 0.023984 0.065778
2 0.603211 0.646319 0.017141 0.047528
2 0.407555 0.609778 0.020547 0.037778
1 0.501563 0.841667 0.028125 0.155556
