2 0.752867 0.496764 0.029734 0.079306
2 0.857594 0.178389 0.025188 0.047722
1 0.879687 0.130556 0.050000 0.100000
1 0.581250 0.350000 0.037500 0.177778
1 0.362500 0.469444 0.046875 0.311111
1 0.400000 0.387500 0.040625 0.152778
1 0.367188 0.506944 0.037500 0.225000
1 0.774375 0.167222 0.029812 0.089556
1 0.653070 0.161736 0.027766 0.089528
1 0.538961 0.136153 0.023641 0.082250
1 0.952008 0.109833 0.023641 0.098667
1 0.267969 0.518056 0.042188 0.219444
1 0.258594 0.352778 0.032813 0.127778
1 0.793750 0.511111 0.050000 0.155556
1 0.858594 0.193056 0.023438 0.097222
1 0.541406 0.394444 0.032813 0.150000
2 0.541141 0.374528 0.037594 0.069833
2 0.583078 0.326389 0.037188 0.089611
2 0.417211 0.333361 0.027672 0.060944
2 0.368047 0.467028 0.034281 0.087389
0 0.396078 0.324167 0.019531 0.023333
0 0.858492 0.149764 0.014578 0.022528
0 0.806609 0.457236 0.025531 0.048972
0 0.752539 0.435042 0.029828 0.030083
0 0.416016 0.292250 0.014344 0.022944
0 0.268414 0.420264 0.021516 0.026028
2 0.267039 0.483181 0.035516 0.088861
2 0.084602 0.780347 0.056547 0.127917
1 0.087500 0.819444 0.056250 0.311111
1 0.752266 0.530972 0.039219 0.228611
1 0.696242 0.170875 0.033922 0.074917
1 0.417969 0.352778 0.026562 0.138889
1 0.663281 0.061111 0.017188 0.055556
0 0.259516 0.298097 0.019219 0.021417
0 0.078203 0.688778 0.036437 0.047944
2 0.797695 0.488319 0.036766 0.078583
