1 0.586250 0.201944 0.021594 0.085889
1 0.559523 0.186417 0.021578 0.069444
1 0.671570 0.233014 0.025703 0.096861
1 0.710633 0.247625 0.023641 0.071250
1 0.794930 0.252194 0.021578 0.098667
1 0.661805 0.619528 0.051391 0.241222
0 0.434984 0.341389 0.017906 0.022667
0 0.796617 0.215181 0.011141 0.014694
0 0.882758 0.261083 0.014047 0.019833
0 0.767281 0.428542 0.021063 0.027194
0 0.658633 0.515208 0.025203 0.031583
0 0.297570 0.453500 0.026859 0.030111
0 0.295305 0.333806 0.014047 0.022778
0 0.085016 0.707986 0.037188 0.048472
1 0.410156 0.436111 0.023438 0.138889
1 0.435937 0.409722 0.031250 0.147222
1 0.367891 0.431528 0.026406 0.168611
1 0.625000 0.411111 0.037500 0.155556
1 0.563281 0.443056 0.039062 0.169444
1 0.878125 0.308333 0.031250 0.122222
1 0.294531 0.384722 0.029687 0.130556
1 0.767969 0.501389 0.032813 0.180556
1 0.357031 0.565278 0.035937 0.213889
1 0.290625 0.556944 0.037500 0.219444
1 0.090625 0.836111 0.053125 0.300000
1 0.673438 0.147222 0.015625 0.061111
2 0.879945 0.288417 0.026016 0.041111
2 0.769234 0.480833 0.037594 0.073444
2 0.663047 0.575944 0.044219 0.088889
2 0.623805 0.393069 0.032641 0.085917
2 0.563492 0.417306 0.035953 0.071222
2 0.371602 0.414361 0.023953 0.060944
2 0.358594 0.523431 0.031813 0.079306
2 0.295586 0.370667 0.023953 0.049944
2 0.295797 0.515722 0.033469 0.090333
2 0.089852 0.794806 0.055359 0.121167
1 0.975336 0.209250 0.024672 0.107833
