2 0.754789 0.277708 0.040203 0.087917
2 0.732688 0.027319 0.024781 0.047694
2 0.355469 0.381042 0.051406 0.074917
2 0.381953 0.206486 0.038625 0.079972
2 0.514414 0.223611 0.042109 0.081222
2 0.335953 0.269931 0.040687 0.059639
2 0.216375 0.302292 0.041406 0.076139
2 0.176398 0.221083 0.039984 0.066000
2 0.117148 0.229958 0.034266 0.063472
0 0.380812 0.154236 0.019406 0.022028
0 0.341773 0.228778 0.019828 0.028667
0 0.211438 0.252278 0.021062 0.031556
0 0.169711 0.171500 0.015297 0.019833
2 0.135344 0.339736 0.040688 0.085028
2 0.444414 0.025639 0.017922 0.035556
2 0.639305 0.011042 0.020766 0.016472
1 0.572375 0.076764 0.022625 0.113306
1 0.343133 0.304278 0.061672 0.173611
1 0.441773 0.037375 0.020672 0.071472
1 0.118008 0.250361 0.037016 0.157167
1 0.175070 0.248542 0.044203 0.168139
1 0.220805 0.336264 0.061672 0.201028
1 0.722656 0.355556 0.042188 0.188889
1 0.453047 0.261111 0.040469 0.150000
1 0.755469 0.300000 0.035937 0.183333
1 0.360156 0.416667 0.101562 0.177778
1 0.138281 0.376389 0.045312 0.219444
2 0.588750 0.371583 0.041250 0.092944
2 0.727313 0.324625 0.032906 0.085750
1 0.514813 0.249458 0.030844 0.188250
1 0.537891 0.236653 0.031969 0.166306
1 0.730680 0.050264 0.032891 0.096861
1 0.379688 0.231944 0.037500 0.186111
1 0.578125 0.411111 0.081250 0.227778
0 0.577875 0.316167 0.028500 0.030111
0 0.725766 0.268806 0.021906 0.026444
0 0.755516 0.224736 0.021062 0.029361
0 0.536141 0.168194 0.016938 0.023500
0 0.452695 0.195722 0.018578 0.025722
0 0.366766 0.333069 0.021906 0.031583
0 0.139555 0.275042 0.025203 0.028639
0 0.116414 0.181403 0.016109 0.022028
