2 0.171375 0.376028 0.022375 0.048333
2 0.152953 0.275972 0.023406 0.030611
2 0.914813 0.422542 0.015750 0.052417
1 0.914125 0.443986 0.023750 0.139083
1 0.859180 0.309764 0.024672 0.085917
1 0.483594 0.129167 0.017188 0.069444
1 0.170938 0.391111 0.026875 0.110000
1 0.196641 0.397917 0.020781 0.103056
2 0.859594 0.301389 0.023625 0.028389
2 0.197891 0.392250 0.020313 0.046500
0 0.165742 0.348097 0.014641 0.020972
0 0.193820 0.359639 0.011328 0.018889
0 0.915641 0.389292 0.013687 0.015083
0 0.860430 0.278542 0.013203 0.019306
