2 0.482773 0.394750 0.012328 0.028556
1 0.474070 0.367306 0.021422 0.087778
1 0.668750 0.450000 0.018750 0.094444
1 0.642188 0.441667 0.015625 0.077778
1 0.310477 0.432889 0.027359 0.094111
1 0.507680 0.414889 0.018453 0.077222
1 0.466930 0.410667 0.016672 0.083556
1 0.873836 0.412722 0.019047 0.085778
2 0.643680 0.428750 0.016016 0.039056
2 0.422813 0.376403 0.019219 0.032639
1 0.205469 0.418056 0.026562 0.069444
1 0.424531 0.387222 0.030312 0.080000
0 0.406859 0.436500 0.009219 0.011667
1 0.407031 0.469444 0.017188 0.072222
1 0.672773 0.456375 0.020078 0.086194
