1 0.459641 0.596986 0.020563 0.095028
1 0.360609 0.626222 0.024000 0.114500
1 0.434281 0.677389 0.028781 0.124278
1 0.468891 0.684097 0.028094 0.135250
0 0.307625 0.821389 0.015531 0.017056
0 0.460516 0.562069 0.009125 0.011972
0 0.355422 0.579986 0.013875 0.012694
0 0.334758 0.507931 0.007609 0.008250
0 0.469102 0.623917 0.008266 0.009778
1 0.909375 0.480556 0.012500 0.050000
2 0.458953 0.589056 0.017813 0.030444
2 0.469922 0.657292 0.020562 0.047528
2 0.431883 0.662167 0.021234 0.047500
2 0.359922 0.613431 0.018500 0.040194
2 0.336969 0.536681 0.019188 0.040194
2 0.310211 0.875917 0.037078 0.080556
1 0.309898 0.895472 0.040422 0.170556
1 0.336625 0.542764 0.022625 0.088917
