1 0.369531 0.459722 0.085938 0.258333
2 0.371406 0.486111 0.085312 0.193722
2 0.762937 0.734653 0.398062 0.529972
1 0.083516 0.613153 0.072969 0.407583
2 0.135492 0.722778 0.269328 0.531778
2 0.638680 0.447736 0.075047 0.153528
2 0.220805 0.537292 0.071953 0.179083
2 0.261930 0.457792 0.045234 0.118806
0 0.739937 0.211069 0.265219 0.370972
0 0.634570 0.331694 0.035984 0.042056
0 0.370734 0.355903 0.039656 0.045528
0 0.251336 0.366917 0.028922 0.029389
0 0.164891 0.329764 0.099719 0.155528
0 0.078313 0.442153 0.035687 0.038083
1 0.136719 0.620833 0.251563 0.736111
1 0.745484 0.526833 0.437500 0.946333
1 0.260156 0.527778 0.054688 0.355556
1 0.207813 0.587778 0.046875 0.358889
1 0.637500 0.393056 0.068750 0.169444
