0 0.182195 0.141153 0.028453 0.029750
1 0.211719 0.108333 0.042188 0.138889
1 0.634375 0.111111 0.043750 0.172222
1 0.179688 0.233333 0.040625 0.233333
1 0.312500 0.176389 0.034375 0.169444
1 0.561719 0.300000 0.060937 0.233333
1 0.777344 0.265278 0.051562 0.213889
1 0.159375 0.102778 0.031250 0.127778
0 0.642945 0.035306 0.018328 0.026222
0 0.732898 0.057625 0.022109 0.028361
2 0.814383 0.150778 0.021078 0.052889
2 0.804258 0.202931 0.025609 0.074917
2 0.785258 0.222389 0.038016 0.081500
2 0.730938 0.110750 0.031813 0.080056
2 0.639219 0.072194 0.038406 0.052889
2 0.486781 0.070361 0.027687 0.075667
2 0.422750 0.062278 0.037594 0.084444
2 0.380164 0.127639 0.029391 0.053611
2 0.316781 0.143444 0.033875 0.083722
2 0.157727 0.088347 0.023141 0.055806
2 0.215773 0.082111 0.030984 0.065389
2 0.179625 0.201444 0.036344 0.083722
2 0.561875 0.261222 0.049375 0.109778
1 0.792359 0.234833 0.041125 0.221111
1 0.809836 0.183667 0.045234 0.210167
1 0.382188 0.169056 0.052813 0.176333
1 0.426398 0.104167 0.053453 0.197389
0 0.787984 0.174472 0.021125 0.028333
0 0.799836 0.147556 0.015734 0.026222
0 0.571367 0.201556 0.020359 0.029056
1 0.485156 0.087500 0.039062 0.163889
1 0.727344 0.129167 0.039062 0.169444
