2 0.449125 0.674194 0.013625 0.042556
0 0.408430 0.557708 0.011484 0.018694
0 0.691734 0.566806 0.016969 0.024667
0 0.750328 0.644764 0.019969 0.022028
1 0.752633 0.610431 0.022141 0.111694
1 0.425000 0.600000 0.018750 0.094444
1 0.405469 0.600000 0.017188 0.094444
1 0.569531 0.401389 0.017188 0.075000
1 0.714844 0.580556 0.023438 0.094444
0 0.816594 0.767486 0.019625 0.026306
1 0.686594 0.612972 0.018562 0.119278
2 0.405492 0.591097 0.014828 0.037861
1 0.606758 0.379125 0.019641 0.086083
2 0.568781 0.391722 0.013594 0.033889
1 0.461867 0.679569 0.022734 0.105028
1 0.453195 0.692792 0.023547 0.105028
1 0.809336 0.826028 0.036016 0.157167
