1 0.561719 0.320833 0.032813 0.163889
1 0.897656 0.491667 0.057813 0.216667
1 0.078125 0.812500 0.056250 0.302778
1 0.657031 0.030556 0.010937 0.050000
1 0.343672 0.379444 0.040469 0.175556
1 0.533594 0.366667 0.035937 0.183333
1 0.828125 0.145833 0.021875 0.091667
1 0.259938 0.501764 0.059562 0.243361
1 0.393219 0.370153 0.033312 0.159694
1 0.375680 0.369625 0.042234 0.162861
0 0.403844 0.274056 0.018656 0.024222
0 0.385797 0.301458 0.016500 0.027194
0 0.068547 0.685264 0.035625 0.050139
0 0.248805 0.289139 0.017453 0.022944
1 0.403125 0.344444 0.028125 0.150000
2 0.407203 0.318861 0.029750 0.066611
2 0.344438 0.354819 0.031531 0.064528
2 0.775734 0.424097 0.032719 0.078250
1 0.521266 0.110028 0.024281 0.091389
1 0.555500 0.111931 0.015781 0.095194
1 0.634414 0.136681 0.023547 0.096472
1 0.676891 0.144306 0.025687 0.066000
1 0.758984 0.146194 0.024281 0.115500
1 0.937055 0.071319 0.022203 0.092639
2 0.900961 0.470097 0.041641 0.094139
1 0.800781 0.469444 0.085938 0.211111
2 0.829875 0.131611 0.019625 0.037111
2 0.759969 0.143306 0.015469 0.037000
2 0.636828 0.128500 0.017844 0.037000
0 0.773687 0.378819 0.019594 0.034028
0 0.896211 0.394542 0.025109 0.032306
0 0.830352 0.107667 0.011953 0.019556
0 0.636703 0.099375 0.011469 0.016583
0 0.539633 0.293167 0.018641 0.026778
0 0.250719 0.411333 0.026531 0.035278
2 0.673422 0.145944 0.014875 0.035944
2 0.075867 0.783083 0.061672 0.137056
2 0.254609 0.478556 0.036281 0.094111
2 0.336711 0.439431 0.036297 0.079306
2 0.531531 0.340014 0.035688 0.075083
2 0.565148 0.294486 0.030328 0.081528
1 0.335938 0.476389 0.037500 0.213889
1 0.248500 0.354944 0.033625 0.147111
