2 0.380484 0.159375 0.033469 0.088139
1 0.242969 0.079167 0.032813 0.141667
1 0.385703 0.076389 0.033906 0.152778
1 0.959375 0.230556 0.043750 0.222222
2 0.293109 0.199764 0.035531 0.082250
1 0.420508 0.043333 0.028047 0.086667
1 0.647414 0.128833 0.034953 0.210167
1 0.386266 0.201028 0.051500 0.212000
0 0.962555 0.130611 0.028203 0.029333
0 0.648563 0.053125 0.025469 0.032417
0 0.384508 0.108514 0.029609 0.029361
1 0.294531 0.215278 0.048438 0.208333
0 0.291727 0.139722 0.028578 0.037944
2 0.960266 0.193319 0.033344 0.107861
2 0.647977 0.099889 0.027266 0.066111
2 0.241883 0.054347 0.024797 0.061694
