1 0.591906 0.226611 0.028781 0.098667
0 0.649469 0.449264 0.026031 0.031583
0 0.236758 0.478264 0.026016 0.033806
1 0.353125 0.401389 0.028125 0.113889
1 0.236719 0.562500 0.048438 0.197222
1 0.019531 0.859722 0.039062 0.269444
1 0.646875 0.501389 0.056250 0.152778
1 0.195312 0.415278 0.034375 0.141667
1 0.307812 0.540278 0.037500 0.208333
1 0.802344 0.211111 0.085938 0.122222
1 0.744531 0.233333 0.029687 0.100000
1 0.456250 0.425000 0.034375 0.177778
2 0.237477 0.540292 0.034766 0.087528
0 0.010180 0.737306 0.020359 0.053167
2 0.018172 0.833472 0.036344 0.113167
2 0.954672 0.383542 0.022375 0.063250
2 0.651281 0.483083 0.025812 0.072222
2 0.457633 0.402597 0.034422 0.083861
1 0.628914 0.234833 0.024672 0.067611
2 0.303227 0.500514 0.032016 0.091194
2 0.412016 0.418806 0.034094 0.084444
2 0.356758 0.389431 0.029609 0.067306
1 0.475742 0.190056 0.016453 0.084056
