0 0.150062 0.401625 0.032719 0.060806
2 0.161703 0.436778 0.085312 0.120611
2 0.208375 0.387014 0.033250 0.063028
1 0.557937 0.469736 0.171469 0.256583
0 0.755117 0.297181 0.021328 0.033472
0 0.524844 0.175125 0.033719 0.048472
2 0.752781 0.342667 0.042156 0.067611
2 0.554898 0.266819 0.067859 0.142528
2 0.550273 0.449569 0.114109 0.168139
1 0.754320 0.365500 0.063734 0.171778
1 0.563594 0.340556 0.120937 0.386667
1 0.169531 0.433333 0.101562 0.127778
1 0.201563 0.423611 0.050000 0.136111
0 0.620023 0.384875 0.041641 0.089028
