0 0.710320 0.290278 0.019422 0.030778
0 0.990172 0.230583 0.017938 0.022944
0 0.038953 0.631250 0.035937 0.049944
1 0.321094 0.418056 0.039062 0.202778
0 0.263281 0.366472 0.025188 0.030111
0 0.222172 0.240153 0.016531 0.018361
1 0.219531 0.305556 0.032813 0.144444
1 0.270313 0.458333 0.056250 0.211111
0 0.381383 0.227306 0.016141 0.021611
1 0.047656 0.761111 0.057813 0.311111
1 0.437578 0.325806 0.037500 0.194444
1 0.717969 0.351389 0.048438 0.158333
1 0.475781 0.298611 0.035937 0.180556
2 0.614633 0.088444 0.018359 0.040278
1 0.379633 0.295139 0.031859 0.173611
1 0.328109 0.336167 0.028687 0.152500
1 0.348914 0.323667 0.027828 0.170333
1 0.363547 0.323153 0.030125 0.159139
1 0.758031 0.105083 0.021000 0.105278
1 0.780938 0.102333 0.022031 0.102222
1 0.654414 0.105694 0.023766 0.069778
1 0.615172 0.096514 0.025125 0.093028
1 0.501563 0.070819 0.021000 0.086917
1 0.541820 0.071431 0.023797 0.084472
1 0.983609 0.294056 0.032781 0.175444
2 0.043992 0.727347 0.055516 0.116972
2 0.265563 0.427694 0.037125 0.079944
2 0.220656 0.273472 0.035187 0.051111
2 0.320055 0.380986 0.030734 0.093417
2 0.381477 0.267583 0.029953 0.063056
2 0.434320 0.292667 0.031672 0.075278
2 0.477016 0.273694 0.037188 0.082611
2 0.713352 0.337056 0.031328 0.074667
2 0.757211 0.092264 0.021234 0.049972
2 0.651352 0.099917 0.018359 0.036722
0 0.474586 0.222167 0.019828 0.023500
