0 0.122133 0.604444 0.027578 0.032444
0 0.028016 0.614958 0.031969 0.038361
1 0.189453 0.680750 0.042156 0.246722
1 0.118008 0.714556 0.055516 0.274111
1 0.334727 0.442639 0.014766 0.058611
1 0.349602 0.441681 0.011766 0.055583
1 0.361930 0.442194 0.010641 0.059667
2 0.209453 0.507639 0.037187 0.072722
2 0.335383 0.433917 0.011453 0.023611
2 0.349750 0.434944 0.011625 0.021556
2 0.241031 0.600875 0.031031 0.083083
2 0.361867 0.435972 0.011953 0.024778
2 0.748352 0.345667 0.013859 0.032278
2 0.196641 0.582917 0.022313 0.089611
2 0.189805 0.644569 0.050859 0.111694
2 0.162359 0.584764 0.026438 0.075639
2 0.121867 0.674736 0.059484 0.108694
2 0.037969 0.709194 0.075938 0.136722
2 0.786125 0.765806 0.020656 0.056111
2 0.872914 0.792069 0.033578 0.065806
1 0.209352 0.547819 0.042641 0.163917
1 0.036719 0.725000 0.073438 0.266667
1 0.873437 0.818472 0.034375 0.164722
1 0.159375 0.628611 0.031250 0.242778
0 0.795813 0.734764 0.014875 0.021139
0 0.231414 0.489986 0.009984 0.031194
0 0.231438 0.543542 0.020344 0.026917
0 0.187367 0.562819 0.020266 0.025083
0 0.191500 0.527625 0.022344 0.026917
0 0.161016 0.524875 0.021344 0.022639
0 0.877672 0.749861 0.014031 0.015833
1 0.785406 0.791819 0.033000 0.131417
1 0.748258 0.349958 0.011953 0.064194
1 0.232813 0.636111 0.034375 0.194444
1 0.193242 0.615250 0.045109 0.205333
