0 0.265070 0.426278 0.015922 0.017833
0 0.257602 0.262847 0.010422 0.009806
2 0.245445 0.473181 0.020828 0.045806
1 0.295336 0.165389 0.013359 0.053000
1 0.264844 0.477778 0.020313 0.111111
1 0.930469 0.531944 0.032813 0.141667
1 0.703961 0.192806 0.024672 0.053000
1 0.247656 0.476389 0.020313 0.119444
2 0.268469 0.459958 0.017406 0.049361
2 0.258336 0.283694 0.015859 0.031722
2 0.706234 0.202611 0.013375 0.031722
2 0.930805 0.514167 0.027266 0.066111
0 0.245602 0.434319 0.015922 0.017806
1 0.452102 0.112403 0.016453 0.060306
1 0.308188 0.166306 0.010281 0.054833
0 0.931867 0.474514 0.014359 0.018528
0 0.705055 0.175639 0.009047 0.010833
