0 0.698242 0.328472 0.025828 0.032444
0 0.231070 0.274306 0.023766 0.037944
0 0.352766 0.269722 0.022031 0.031222
0 0.593406 0.176083 0.021344 0.026333
0 0.777766 0.230556 0.022375 0.031222
0 0.748844 0.282875 0.021687 0.029361
1 0.457031 0.254167 0.032813 0.180556
1 0.480469 0.441667 0.051562 0.200000
1 0.135547 0.264028 0.036719 0.150278
1 0.748437 0.363889 0.037500 0.177778
1 0.591406 0.250000 0.039062 0.161111
1 0.693750 0.402778 0.050000 0.255556
1 0.231250 0.355556 0.050000 0.188889
1 0.776563 0.291667 0.031250 0.161111
1 0.180469 0.263889 0.039062 0.138889
1 0.391406 0.238889 0.039062 0.150000
2 0.232453 0.326264 0.042125 0.081972
2 0.341266 0.297611 0.035688 0.051111
2 0.481070 0.403819 0.046609 0.081972
2 0.151875 0.362792 0.038719 0.102306
2 0.130086 0.250472 0.030734 0.069611
2 0.183375 0.235486 0.033219 0.066083
2 0.455781 0.032736 0.021812 0.039750
2 0.393547 0.232806 0.037219 0.076778
2 0.593516 0.227403 0.038281 0.058194
2 0.688984 0.255889 0.043375 0.073444
2 0.703437 0.388083 0.035125 0.080778
2 0.753016 0.336986 0.025469 0.078972
2 0.777266 0.281569 0.032750 0.079639
1 0.157539 0.397389 0.046359 0.235944
1 0.688539 0.287833 0.061672 0.184556
1 0.348273 0.331681 0.037016 0.166306
1 0.457242 0.047514 0.032891 0.091361
1 0.586258 0.081319 0.023641 0.107806
