1 0.384148 0.645333 0.015359 0.075000
1 0.287484 0.555944 0.015375 0.063444
1 0.354164 0.588986 0.015859 0.078417
1 0.329625 0.492000 0.018344 0.062667
1 0.537336 0.503014 0.015359 0.081194
1 0.500156 0.454097 0.015375 0.069694
1 0.479586 0.454583 0.019828 0.059944
1 0.509297 0.331986 0.012937 0.059917
1 0.639930 0.390167 0.014422 0.052889
1 0.600023 0.382667 0.013922 0.066111
1 0.307031 0.569444 0.020313 0.061111
1 0.522656 0.600000 0.026562 0.083333
1 0.042969 0.579167 0.085938 0.241667
1 0.939844 0.487500 0.057813 0.175000
2 0.639219 0.382097 0.012906 0.029583
1 0.450094 0.463653 0.017344 0.069028
1 0.569688 0.493028 0.016937 0.070500
1 0.408156 0.396819 0.015281 0.061694
1 0.403820 0.484583 0.015703 0.080056
1 0.357758 0.391306 0.013641 0.080056
1 0.718000 0.477236 0.017750 0.071250
1 0.657891 0.576750 0.016531 0.082278
1 0.411664 0.630361 0.018828 0.073222
