1 0.025000 0.804167 0.046875 0.280556
1 0.403125 0.413889 0.040625 0.200000
1 0.328906 0.420833 0.042188 0.197222
1 0.650000 0.456944 0.040625 0.152778
2 0.201672 0.348000 0.024094 0.049556
2 0.318211 0.447458 0.033391 0.086917
2 0.241773 0.488764 0.031328 0.080194
2 0.020969 0.788472 0.041938 0.111667
0 0.241555 0.436181 0.028922 0.032306
0 0.642484 0.393639 0.020813 0.032778
0 0.015617 0.690806 0.031234 0.053944
1 0.244531 0.518056 0.051562 0.202778
1 0.199219 0.366667 0.032813 0.133333
1 0.318750 0.488889 0.040625 0.205556
1 0.457031 0.376389 0.035937 0.180556
2 0.358141 0.340653 0.026500 0.048361
2 0.648055 0.432375 0.029797 0.059917
1 0.324219 0.454167 0.042188 0.236111
1 0.734219 0.195611 0.018750 0.088889
1 0.356250 0.365278 0.028125 0.141667
2 0.405125 0.386986 0.032719 0.083750
2 0.456086 0.346472 0.027547 0.071000
