0 0.394266 0.241403 0.033562 0.048972
1 0.513281 0.377778 0.054688 0.177778
1 0.207813 0.379167 0.068750 0.291667
2 0.320523 0.272292 0.086359 0.201028
2 0.399672 0.317069 0.049344 0.162639
2 0.454156 0.295139 0.065781 0.177278
2 0.509672 0.367319 0.037000 0.098694
2 0.609375 0.275958 0.088406 0.182750
2 0.729141 0.360931 0.038031 0.071250
2 0.792875 0.298792 0.052438 0.078583
2 0.050266 0.277778 0.100531 0.186389
2 0.119555 0.280528 0.120266 0.177278
2 0.200742 0.335083 0.046141 0.108333
2 0.246352 0.334472 0.053359 0.119333
0 0.757742 0.267556 0.023547 0.042611
0 0.596469 0.149181 0.045875 0.051917
0 0.528141 0.311708 0.025125 0.042250
0 0.460703 0.158847 0.050531 0.056361
0 0.323094 0.151542 0.050812 0.068083
0 0.240187 0.241653 0.026969 0.030583
0 0.198867 0.250833 0.026391 0.030611
0 0.095000 0.153667 0.045219 0.065556
0 0.017375 0.150764 0.034750 0.063972
1 0.243750 0.376389 0.068750 0.236111
1 0.392969 0.370833 0.051562 0.319444
1 0.226562 0.375000 0.090625 0.272222
1 0.049219 0.343056 0.098437 0.430556
1 0.787500 0.344444 0.075000 0.200000
1 0.733594 0.393056 0.076563 0.130556
1 0.317969 0.343056 0.104688 0.458333
1 0.452344 0.336111 0.089063 0.422222
1 0.128125 0.345833 0.115625 0.452778
1 0.610156 0.336111 0.089063 0.427778
