2 0.705242 0.152083 0.030922 0.079333
2 0.883117 0.177986 0.027359 0.093083
1 0.303125 0.177778 0.046875 0.155556
1 0.049219 0.613889 0.064062 0.261111
1 0.339844 0.316667 0.042188 0.211111
1 0.705445 0.189139 0.038141 0.210167
1 0.681266 0.089389 0.041125 0.162667
1 0.442969 0.284722 0.045312 0.191667
1 0.885156 0.208333 0.032813 0.200000
0 0.345984 0.218931 0.025781 0.029083
0 0.035367 0.507111 0.033266 0.052000
1 0.397656 0.172222 0.039062 0.150000
0 0.678125 0.025472 0.013875 0.021167
2 0.043945 0.592014 0.053547 0.120806
2 0.340875 0.279000 0.033906 0.085667
2 0.443492 0.246736 0.035703 0.090972
2 0.675203 0.061667 0.026781 0.055000
