1 0.271094 0.350000 0.173437 0.427778
1 0.760156 0.300000 0.207813 0.588889
1 0.658563 0.292778 0.095312 0.491667
1 0.838563 0.281333 0.061781 0.354722
1 0.610156 0.326389 0.042188 0.302778
2 0.292250 0.297889 0.116156 0.204667
0 0.223328 0.186361 0.064375 0.083833
0 0.505359 0.153125 0.038656 0.065139
0 0.608969 0.185694 0.025781 0.037000
0 0.633266 0.081694 0.046594 0.065222
0 0.735141 0.065389 0.033219 0.037889
0 0.770086 0.012958 0.071391 0.022917
2 0.831906 0.263069 0.041656 0.145417
2 0.758898 0.181542 0.209016 0.289361
2 0.667664 0.221889 0.079672 0.217778
2 0.612727 0.272972 0.036141 0.108944
2 0.584492 0.294069 0.025141 0.093639
2 0.515836 0.264986 0.080172 0.171806
1 0.514062 0.295833 0.078125 0.341667
