1 0.241797 0.556944 0.032031 0.202778
1 0.369742 0.440292 0.029328 0.157917
1 0.395148 0.419361 0.017359 0.155722
1 0.377383 0.419361 0.024797 0.177722
1 0.518945 0.198111 0.019828 0.089889
1 0.546703 0.203361 0.018844 0.093500
1 0.625523 0.242625 0.023797 0.094306
1 0.666422 0.251875 0.025281 0.074028
1 0.749211 0.265097 0.019328 0.100472
1 0.927180 0.217500 0.016359 0.077556
1 0.571875 0.440278 0.046875 0.169444
1 0.443750 0.533056 0.053125 0.211667
0 0.395977 0.352222 0.016859 0.027556
0 0.377211 0.343958 0.017891 0.028139
0 0.326063 0.361028 0.021625 0.027056
1 0.840625 0.647222 0.062500 0.238889
1 0.033594 0.822222 0.054688 0.305556
1 0.735938 0.502778 0.050000 0.172222
1 0.322656 0.425000 0.026562 0.150000
1 0.835938 0.338889 0.028125 0.122222
1 0.241406 0.381944 0.035937 0.147222
0 0.247602 0.446472 0.032703 0.034889
0 0.842859 0.285556 0.013781 0.017722
0 0.841523 0.547944 0.027203 0.030611
0 0.744609 0.433806 0.023406 0.026333
0 0.395531 0.352403 0.019969 0.022639
0 0.246664 0.324847 0.014172 0.026361
0 0.031281 0.700042 0.037906 0.049583
2 0.036227 0.788472 0.056609 0.122611
2 0.242250 0.516458 0.035937 0.094750
2 0.244937 0.363694 0.030563 0.059500
2 0.323227 0.413264 0.025203 0.077861
2 0.442414 0.494792 0.036359 0.080806
2 0.570266 0.410319 0.030156 0.088139
2 0.742539 0.489639 0.028516 0.080778
2 0.838797 0.614500 0.053281 0.094000
2 0.836938 0.315583 0.028094 0.057278
