1 0.368750 0.165278 0.037500 0.147222
1 0.025000 0.629167 0.050000 0.269444
2 0.677430 0.146653 0.034203 0.068750
2 0.675203 0.031639 0.026781 0.055500
1 0.674219 0.065278 0.029687 0.125000
1 0.277344 0.169444 0.051562 0.150000
1 0.418750 0.275000 0.050000 0.188889
0 0.369258 0.095042 0.015484 0.018361
2 0.022000 0.592931 0.044000 0.104361
0 0.269078 0.105764 0.015500 0.021417
0 0.319000 0.207361 0.023750 0.028778
0 0.014133 0.511694 0.024766 0.051167
1 0.319531 0.298611 0.051562 0.219444
2 0.320750 0.268194 0.028750 0.077556
2 0.271914 0.143569 0.025297 0.059028
2 0.368836 0.143569 0.020828 0.062583
2 0.417914 0.244042 0.033703 0.089028
1 0.856250 0.194444 0.034375 0.200000
