1 0.410938 0.601389 0.050000 0.102778
2 0.227313 0.887542 0.087719 0.201028
2 0.359922 0.863792 0.125406 0.233917
0 0.545641 0.436167 0.026719 0.031667
0 0.086484 0.678000 0.061000 0.067000
0 0.199563 0.705403 0.058250 0.077972
0 0.628227 0.603069 0.042484 0.041417
0 0.829016 0.668250 0.058937 0.071889
1 0.375781 0.572222 0.023438 0.055556
1 0.292187 0.555556 0.037500 0.066667
1 0.541195 0.506819 0.053453 0.185194
1 0.807813 0.813889 0.112500 0.366667
1 0.622656 0.785278 0.101562 0.418333
1 0.358594 0.829167 0.132812 0.330556
1 0.097656 0.811111 0.123438 0.355556
1 0.225781 0.833472 0.104688 0.333056
2 0.540508 0.503167 0.045234 0.097444
