0 0.465742 0.728167 0.011297 0.021556
0 0.390047 0.719292 0.017063 0.019750
0 0.318922 0.693417 0.011563 0.021722
0 0.198375 0.707097 0.023000 0.023972
2 0.294820 0.699319 0.034953 0.048750
2 0.394875 0.833944 0.039063 0.067000
2 0.391445 0.763889 0.033578 0.041444
2 0.443875 0.733444 0.037000 0.051167
2 0.486367 0.745000 0.027422 0.052389
2 0.631992 0.632306 0.032203 0.048722
2 0.528859 0.522056 0.020563 0.045056
2 0.404812 0.653028 0.016437 0.031667
1 0.394531 0.757194 0.032906 0.098667
1 0.531250 0.533625 0.030844 0.126694
2 0.189969 0.757806 0.030844 0.073111
1 0.301797 0.729167 0.053594 0.113889
1 0.192188 0.784722 0.037500 0.191667
1 0.395219 0.842139 0.045312 0.152778
1 0.482656 0.752083 0.037188 0.113611
1 0.631953 0.644167 0.035781 0.145000
1 0.447031 0.758333 0.047187 0.100000
1 0.401562 0.663889 0.021875 0.083333
0 0.527719 0.485722 0.008281 0.011944
0 0.627383 0.585792 0.017078 0.017139
0 0.471055 0.707514 0.012891 0.018806
0 0.386273 0.785417 0.017516 0.031722
