1 0.414062 0.383333 0.043750 0.222222
1 0.267969 0.461111 0.060937 0.283333
2 0.099164 0.350875 0.045234 0.114528
2 0.274258 0.427639 0.044547 0.119389
0 0.443523 0.299944 0.018828 0.018222
0 0.098141 0.272917 0.030844 0.034111
2 0.413727 0.346000 0.042484 0.102333
2 0.013156 0.311278 0.021250 0.069444
1 0.010937 0.336111 0.021875 0.138889
1 0.142969 0.197222 0.014063 0.083333
1 0.167187 0.194444 0.015625 0.083333
1 0.443750 0.398611 0.034375 0.219444
1 0.098437 0.386111 0.043750 0.261111
1 0.314063 0.444444 0.059375 0.261111
