0 0.933234 0.212931 0.036688 0.055528
0 0.867055 0.170583 0.022297 0.038000
1 0.733258 0.293319 0.062703 0.319806
1 0.862781 0.294236 0.077094 0.321639
1 0.536398 0.286000 0.061672 0.261333
1 0.598023 0.471500 0.109078 0.274111
2 0.915469 0.246625 0.039656 0.075639
2 0.862594 0.235236 0.050406 0.092528
2 0.834195 0.391458 0.083266 0.169972
2 0.729180 0.232889 0.033984 0.112111
2 0.761336 0.254556 0.056516 0.138556
2 0.677758 0.251861 0.074953 0.141833
2 0.563539 0.250861 0.071391 0.141722
2 0.628977 0.255083 0.035703 0.090944
2 0.609945 0.394167 0.073766 0.111056
2 0.325148 0.600333 0.336141 0.794944
1 0.777344 0.319444 0.089063 0.372222
1 0.678906 0.306944 0.079687 0.330556
1 0.826562 0.423611 0.109375 0.263889
1 0.564844 0.309722 0.076563 0.347222
1 0.332813 0.495833 0.500000 0.975000
1 0.630469 0.250000 0.029687 0.122222
1 0.893906 0.314583 0.105937 0.218056
0 0.371406 0.111472 0.157281 0.212000
0 0.617945 0.388667 0.044609 0.082833
0 0.575305 0.153875 0.026766 0.037917
0 0.543578 0.177681 0.022813 0.034361
0 0.692055 0.149028 0.033203 0.028222
0 0.766914 0.153431 0.033203 0.040528
0 0.641734 0.191333 0.024781 0.031722
0 0.855406 0.367167 0.047594 0.078444
0 0.841023 0.162694 0.034703 0.050222
