1 0.922430 0.235319 0.024391 0.077528
1 0.076445 0.477764 0.032453 0.084194
1 0.028906 0.525000 0.029687 0.100000
1 0.043320 0.469625 0.015484 0.116806
2 0.263305 0.196000 0.013766 0.031611
1 0.132031 0.450000 0.032813 0.094444
1 0.157812 0.363889 0.021875 0.100000
2 0.030352 0.512944 0.021797 0.045444
1 0.263328 0.205750 0.017344 0.077222
1 0.192188 0.438889 0.028125 0.088889
1 0.271875 0.430556 0.021875 0.111111
1 0.301563 0.469444 0.028125 0.122222
0 0.270430 0.389389 0.011578 0.019833
0 0.066141 0.452194 0.011156 0.017611
0 0.197930 0.414736 0.011984 0.022028
0 0.304719 0.427222 0.011563 0.014667
