0 0.359563 0.113347 0.059000 0.061694
0 0.522414 0.082931 0.033703 0.057306
0 0.632945 0.077208 0.036734 0.059917
0 0.602453 0.148597 0.026219 0.040528
1 0.635938 0.261111 0.100000 0.416667
1 0.469578 0.339917 0.090469 0.212000
2 0.963539 0.222583 0.064141 0.142556
2 0.790820 0.135236 0.190172 0.237583
2 0.646391 0.197361 0.090469 0.208333
2 0.527148 0.209250 0.063734 0.195556
2 0.460836 0.281444 0.062703 0.087722
2 0.339539 0.254931 0.079141 0.217472
0 0.969055 0.131403 0.034641 0.030861
1 0.787500 0.266667 0.193750 0.533333
1 0.346875 0.300000 0.109375 0.438889
1 0.521875 0.270833 0.084375 0.419444
1 0.964844 0.280556 0.070312 0.327778
2 0.605898 0.232667 0.034703 0.117222
2 0.735531 0.211958 0.039156 0.142750
