1 0.258430 0.431847 0.015359 0.051972
2 0.008320 0.434250 0.011641 0.027778
1 0.009250 0.438153 0.018000 0.068528
1 0.237719 0.602153 0.036094 0.217472
1 0.206930 0.573847 0.038047 0.182750
1 0.086906 0.470625 0.014375 0.057306
1 0.177117 0.590292 0.056547 0.197361
0 0.205875 0.501347 0.022094 0.026528
0 0.169289 0.509514 0.020078 0.023472
2 0.087445 0.463194 0.010797 0.023611
2 0.170906 0.567139 0.030937 0.093167
2 0.202742 0.551847 0.025578 0.081417
2 0.237211 0.566069 0.042297 0.097417
2 0.258102 0.429514 0.009797 0.019194
