0 0.277102 0.330861 0.026516 0.032444
1 0.795133 0.085125 0.026766 0.099417
1 0.764492 0.090431 0.023797 0.097306
1 0.668305 0.092903 0.025609 0.081528
1 0.626578 0.084097 0.021469 0.102083
1 0.514211 0.045167 0.018172 0.085944
1 0.364961 0.298306 0.049922 0.160944
1 0.377523 0.291236 0.025484 0.167750
1 0.409023 0.308097 0.032016 0.200139
1 0.327258 0.264944 0.039234 0.161556
0 0.047086 0.589375 0.043172 0.049361
1 0.235937 0.273611 0.034375 0.147222
1 0.061719 0.722222 0.064062 0.311111
1 0.489844 0.272222 0.032813 0.155556
1 0.349219 0.393056 0.045312 0.213889
1 0.275000 0.425000 0.053125 0.205556
2 0.056336 0.691708 0.055516 0.111472
2 0.278891 0.401139 0.038031 0.085889
2 0.236742 0.252194 0.035984 0.058500
2 0.348711 0.346431 0.036766 0.077861
2 0.378461 0.267486 0.027672 0.065361
2 0.406758 0.272611 0.027266 0.066833
2 0.491039 0.244722 0.033047 0.087389
2 0.666813 0.084972 0.016938 0.032333
