2 0.719711 0.737097 0.021234 0.026806
1 0.484898 0.672278 0.031141 0.113778
1 0.717281 0.752250 0.032813 0.105556
1 0.457813 0.936111 0.050000 0.116667
1 0.746875 0.854167 0.031250 0.136111
1 0.497656 0.954167 0.039062 0.086111
1 0.580469 0.609722 0.023438 0.102778
1 0.536844 0.577542 0.021875 0.088417
1 0.557563 0.564750 0.016656 0.110000
1 0.249930 0.932014 0.042484 0.129139
1 0.202992 0.941764 0.041797 0.114528
2 0.201961 0.951514 0.037016 0.082861
2 0.248555 0.939944 0.034266 0.069444
2 0.457242 0.963694 0.043172 0.053611
2 0.498016 0.969792 0.030156 0.046306
2 0.484656 0.661556 0.028094 0.046278
2 0.536047 0.567750 0.017125 0.036556
2 0.557977 0.550069 0.014391 0.040194
2 0.579562 0.589069 0.019188 0.042639
2 0.746781 0.843681 0.026031 0.042639
0 0.485422 0.623611 0.012563 0.014111
0 0.462719 0.893042 0.018500 0.026806
0 0.461508 0.917764 0.014672 0.019750
0 0.495227 0.930250 0.015078 0.026778
0 0.754320 0.810861 0.012234 0.019389
0 0.539070 0.540181 0.008922 0.011750
0 0.558633 0.517931 0.007922 0.011750
