2 0.299797 0.272333 0.033469 0.080778
2 0.490227 0.024083 0.026891 0.044056
1 0.406359 0.222042 0.040094 0.162639
1 0.492148 0.048431 0.037109 0.096861
1 0.106250 0.323611 0.040625 0.219444
1 0.297656 0.312500 0.039062 0.202778
1 0.213281 0.190278 0.026562 0.163889
1 0.145313 0.208333 0.034375 0.177778
1 0.335938 0.204167 0.043750 0.219444
1 0.128906 0.193056 0.023438 0.158333
0 0.674172 0.187333 0.023969 0.026333
0 0.649172 0.236111 0.026844 0.033056
2 0.404734 0.194847 0.035937 0.060972
2 0.235148 0.178319 0.024797 0.067583
2 0.651781 0.291431 0.040906 0.074917
1 0.650000 0.323611 0.043750 0.208333
1 0.678125 0.269444 0.034375 0.183333
1 0.235156 0.201389 0.029687 0.163889
2 0.147773 0.179056 0.027672 0.076389
2 0.106672 0.289222 0.033875 0.096944
2 0.338219 0.199611 0.035937 0.070500
2 0.681914 0.237806 0.038453 0.083722
