2 0.296906 0.717486 0.013625 0.038250
0 0.130102 0.847694 0.014609 0.014167
2 0.267859 0.706222 0.017687 0.037833
2 0.182867 0.717472 0.015547 0.039944
2 0.150000 0.726611 0.014344 0.037833
2 0.126328 0.884292 0.021031 0.053139
0 0.294047 0.691097 0.010125 0.010917
0 0.261594 0.688583 0.007969 0.014167
0 0.177336 0.695986 0.008797 0.011806
1 0.126562 0.895833 0.028125 0.113889
1 0.181250 0.715278 0.018750 0.063889
1 0.148336 0.741056 0.023641 0.089556
1 0.298883 0.724597 0.024766 0.115139
1 0.265523 0.710903 0.021578 0.080417
