0 0.263977 0.832736 0.015766 0.023139
1 0.262500 0.905556 0.034375 0.172222
2 0.884531 0.550694 0.010969 0.034111
2 0.340055 0.562264 0.014391 0.042639
2 0.262609 0.885111 0.028094 0.074333
2 0.294133 0.897292 0.025359 0.074306
2 0.782766 0.893028 0.030844 0.065778
1 0.294078 0.910361 0.034531 0.170167
1 0.339664 0.579181 0.015422 0.095472
1 0.885555 0.550069 0.014391 0.059694
1 0.783102 0.905208 0.032891 0.114528
1 0.432812 0.773611 0.031250 0.136111
0 0.289477 0.846972 0.012297 0.020444
0 0.433352 0.715556 0.013484 0.012000
