2 0.735930 0.299556 0.033203 0.077556
2 0.230898 0.300847 0.039234 0.086972
1 0.462500 0.263889 0.031250 0.122222
1 0.608594 0.393056 0.073438 0.241667
0 0.128969 0.184125 0.016937 0.021306
0 0.223578 0.245083 0.024375 0.036000
0 0.181031 0.171264 0.013625 0.019083
0 0.155000 0.277028 0.028500 0.024944
0 0.408445 0.324042 0.019828 0.027917
0 0.563578 0.158778 0.020250 0.023500
0 0.769930 0.205778 0.022297 0.026444
0 0.740398 0.249861 0.023547 0.026444
0 0.597453 0.296125 0.026844 0.029361
1 0.178906 0.216667 0.035937 0.094444
1 0.656250 0.311111 0.031250 0.127778
1 0.735938 0.336111 0.040625 0.188889
1 0.403906 0.401389 0.064062 0.186111
1 0.150781 0.375000 0.042188 0.222222
1 0.767969 0.279167 0.035937 0.163889
1 0.564844 0.230556 0.035937 0.172222
1 0.392969 0.213889 0.035937 0.177778
1 0.225781 0.329167 0.057813 0.202778
1 0.128906 0.245833 0.032813 0.130556
1 0.587281 0.061222 0.015406 0.104167
1 0.343648 0.300625 0.046266 0.195528
1 0.744508 0.039292 0.023734 0.078583
2 0.152961 0.345306 0.032891 0.102500
2 0.182258 0.215556 0.021578 0.073278
2 0.127266 0.225694 0.028781 0.067611
2 0.392930 0.190722 0.038172 0.083722
2 0.401844 0.374917 0.051062 0.078444
2 0.462578 0.250639 0.030750 0.057278
2 0.563906 0.199972 0.034219 0.063444
2 0.606539 0.352000 0.038172 0.081944
2 0.770633 0.259014 0.033203 0.074028
