1 0.178906 0.768056 0.032813 0.152778
2 0.332945 0.649403 0.026047 0.060917
2 0.097234 0.673917 0.022844 0.062611
2 0.057258 0.369736 0.019984 0.034694
2 0.451508 0.325319 0.045234 0.126694
2 0.179086 0.770014 0.033578 0.080417
1 0.100984 0.692139 0.034375 0.150556
1 0.277781 0.679861 0.028094 0.170556
1 0.333633 0.656708 0.031516 0.131583
0 0.440547 0.233944 0.038375 0.051167
0 0.096758 0.632917 0.017078 0.021056
0 0.273992 0.610625 0.015141 0.025472
0 0.057945 0.342389 0.011672 0.017667
0 0.334078 0.607611 0.012812 0.022444
0 0.183258 0.709278 0.017984 0.028556
1 0.445312 0.359722 0.053125 0.313889
1 0.054688 0.401389 0.025000 0.136111
