2 0.339586 0.386722 0.035703 0.081944
2 0.044820 0.723500 0.059609 0.122444
1 0.787656 0.128764 0.042188 0.108028
1 0.756898 0.127875 0.027766 0.105917
1 0.510180 0.080417 0.025703 0.091389
2 0.782039 0.105583 0.016359 0.041444
2 0.399813 0.302556 0.021312 0.058167
2 0.497977 0.284931 0.026266 0.079306
2 0.272656 0.427708 0.035687 0.081083
2 0.230273 0.285375 0.026266 0.053750
0 0.042969 0.625278 0.039062 0.043333
0 0.230516 0.242875 0.020656 0.025694
1 0.611437 0.137972 0.034938 0.071278
1 0.658211 0.128847 0.025703 0.078583
1 0.049219 0.759722 0.057813 0.313889
1 0.273438 0.459722 0.053125 0.202778
1 0.231250 0.305556 0.037500 0.138889
1 0.491406 0.319444 0.042188 0.188889
1 0.341406 0.438889 0.042188 0.194444
1 0.353125 0.329167 0.043750 0.152778
1 0.399219 0.330556 0.026562 0.161111
