0 0.311234 0.103292 0.029250 0.041417
2 0.115953 0.449569 0.067844 0.164472
2 0.017883 0.357194 0.035766 0.162833
2 0.284031 0.317069 0.087375 0.221139
2 0.809187 0.307014 0.056812 0.149861
2 0.945406 0.424889 0.098938 0.213833
0 0.214312 0.135458 0.032719 0.035250
0 0.109578 0.337458 0.044250 0.043139
0 0.979070 0.296847 0.038547 0.058361
0 0.835578 0.192139 0.037125 0.046944
1 0.541406 0.062500 0.023438 0.102778
1 0.325000 0.266667 0.071875 0.377778
1 0.925781 0.420833 0.145313 0.369444
1 0.592187 0.087500 0.031250 0.169444
1 0.289844 0.372222 0.107813 0.461111
1 0.042188 0.420833 0.084375 0.308333
1 0.119531 0.423611 0.076563 0.213889
1 0.804688 0.347222 0.096875 0.361111
1 0.225000 0.294444 0.071875 0.350000
