2 0.339367 0.584792 0.015766 0.041417
2 0.295508 0.487944 0.017141 0.035333
2 0.288305 0.402653 0.013703 0.028028
1 0.578539 0.409972 0.017141 0.074333
1 0.517883 0.422264 0.018078 0.043139
1 0.394516 0.610514 0.017188 0.088139
1 0.366406 0.616083 0.019562 0.102833
1 0.296187 0.503167 0.019875 0.099889
1 0.340648 0.604194 0.019828 0.108222
2 0.363352 0.602472 0.014391 0.037778
2 0.303047 0.610375 0.021250 0.043861
0 0.336578 0.555514 0.009406 0.008139
1 0.290625 0.408333 0.015625 0.066667
1 0.970313 0.776389 0.031250 0.152778
1 0.304688 0.630556 0.028125 0.111111
0 0.974469 0.717153 0.011313 0.016639
0 0.518375 0.407028 0.008594 0.008278
0 0.395742 0.573333 0.008953 0.010611
0 0.362852 0.572292 0.011016 0.012639
2 0.968820 0.757806 0.023297 0.053611
2 0.517539 0.422778 0.014391 0.019444
2 0.577852 0.394736 0.018516 0.029250
2 0.448328 0.585403 0.026719 0.023139
2 0.392820 0.603694 0.014391 0.035333
