1 0.748437 0.395833 0.040625 0.191667
1 0.310156 0.429167 0.045312 0.219444
1 0.162500 0.411111 0.037500 0.227778
1 0.782031 0.345833 0.035937 0.175000
1 0.552344 0.294444 0.032813 0.177778
1 0.145313 0.277778 0.037500 0.127778
1 0.243984 0.377778 0.040156 0.188889
1 0.328125 0.290278 0.037500 0.158333
1 0.674766 0.095417 0.030781 0.111944
1 0.479687 0.317917 0.037500 0.096944
1 0.196094 0.273611 0.039062 0.136111
2 0.307891 0.399028 0.037594 0.096944
2 0.164336 0.375153 0.034703 0.094750
2 0.243453 0.342111 0.034281 0.090333
2 0.197805 0.252139 0.033047 0.076389
2 0.144922 0.267556 0.024781 0.051389
2 0.331258 0.271222 0.030609 0.073444
2 0.355617 0.308681 0.025609 0.063139
2 0.414281 0.243319 0.033875 0.086639
2 0.607414 0.407472 0.036766 0.066833
2 0.552461 0.257264 0.034297 0.058750
2 0.597906 0.110389 0.018594 0.041111
1 0.359586 0.333514 0.037016 0.184583
1 0.756383 0.082236 0.022609 0.102361
1 0.593453 0.124278 0.029813 0.102333
1 0.465469 0.074014 0.028781 0.096861
1 0.412992 0.044778 0.028891 0.089556
1 0.613359 0.452361 0.056406 0.221389
1 0.413281 0.270833 0.035937 0.175000
1 0.369812 0.043764 0.024781 0.084250
0 0.595922 0.356347 0.022719 0.025694
0 0.552344 0.216069 0.017344 0.025694
0 0.750844 0.312278 0.019406 0.024222
0 0.784305 0.268958 0.021891 0.031583
0 0.309016 0.337986 0.024781 0.033028
0 0.142937 0.221583 0.016531 0.020556
0 0.194164 0.211653 0.016516 0.018361
0 0.164828 0.319625 0.020656 0.024250
