1 0.455695 0.207417 0.052422 0.169944
2 0.143320 0.340347 0.033047 0.089972
2 0.179633 0.232333 0.029266 0.073444
2 0.156742 0.230486 0.026172 0.064861
2 0.269492 0.228653 0.028578 0.067306
2 0.332492 0.320153 0.035453 0.085083
2 0.368125 0.233556 0.034437 0.071000
2 0.517711 0.079014 0.026516 0.043472
2 0.725469 0.308833 0.039250 0.072222
2 0.758852 0.299319 0.033078 0.094917
0 0.721930 0.268292 0.027266 0.028639
0 0.754773 0.234875 0.025203 0.027917
1 0.607281 0.048431 0.022719 0.096861
1 0.515625 0.098611 0.028125 0.125000
1 0.727344 0.352778 0.042188 0.222222
1 0.244531 0.243056 0.023438 0.158333
1 0.182031 0.258333 0.035937 0.166667
1 0.333594 0.361111 0.035937 0.200000
1 0.144531 0.375000 0.042188 0.216667
1 0.753125 0.313889 0.031250 0.188889
1 0.366406 0.269444 0.032813 0.172222
1 0.160164 0.249458 0.043172 0.144361
1 0.269117 0.257681 0.034953 0.190083
