1 0.370312 0.344444 0.068750 0.227778
0 0.130422 0.161347 0.012812 0.025694
0 0.664164 0.327708 0.023547 0.029361
0 0.668508 0.229292 0.021484 0.033806
1 0.132031 0.223611 0.032813 0.141667
1 0.487828 0.251333 0.049656 0.181778
1 0.269531 0.240278 0.026562 0.141667
1 0.742188 0.059722 0.025000 0.108333
1 0.190625 0.361111 0.040625 0.222222
2 0.192492 0.327944 0.030234 0.085500
1 0.685547 0.392500 0.078906 0.176111
1 0.420312 0.269444 0.031250 0.138889
2 0.665930 0.271972 0.027266 0.059944
2 0.675602 0.377306 0.044609 0.071389
2 0.484000 0.215139 0.047094 0.071389
2 0.383852 0.304583 0.043141 0.086389
2 0.528703 0.012458 0.017594 0.024917
2 0.229922 0.224375 0.029750 0.066972
2 0.130773 0.205431 0.027766 0.053750
1 0.295312 0.226389 0.034375 0.152778
1 0.397625 0.073097 0.028781 0.127917
1 0.669516 0.286014 0.066812 0.162639
1 0.230469 0.247222 0.039062 0.166667
