2 0.094367 0.713639 0.057578 0.122444
1 0.428461 0.302444 0.041109 0.173611
1 0.551820 0.080417 0.024672 0.087722
1 0.585398 0.087514 0.018391 0.085472
1 0.666227 0.117917 0.026266 0.098722
1 0.706633 0.131139 0.029734 0.079333
1 0.802063 0.130264 0.018344 0.105750
1 0.836984 0.129375 0.024844 0.118083
1 0.573438 0.304167 0.028125 0.158333
1 0.294531 0.454167 0.045312 0.219444
0 0.832492 0.086347 0.013734 0.016639
0 0.934937 0.304222 0.024094 0.028056
0 0.788344 0.327431 0.023531 0.031639
0 0.409219 0.263431 0.018656 0.024972
1 0.096875 0.747222 0.053125 0.294444
1 0.930469 0.383333 0.035937 0.188889
1 0.275000 0.305556 0.034375 0.150000
1 0.793750 0.388889 0.040625 0.161111
1 0.413281 0.338889 0.032813 0.150000
1 0.317188 0.406944 0.028125 0.202778
1 0.490625 0.331944 0.046875 0.180556
1 0.383594 0.354167 0.032813 0.186111
0 0.429445 0.232319 0.018359 0.024972
0 0.297187 0.359569 0.022375 0.030583
0 0.276133 0.239278 0.015547 0.022944
0 0.088984 0.619389 0.036687 0.047611
2 0.704711 0.125583 0.017547 0.035500
2 0.835289 0.110444 0.018172 0.037444
2 0.932562 0.361264 0.034250 0.077861
2 0.793359 0.372653 0.031812 0.063917
2 0.668797 0.106778 0.020656 0.043333
2 0.574602 0.279736 0.027266 0.085194
2 0.433523 0.285986 0.025203 0.075639
2 0.486406 0.313528 0.026031 0.067556
2 0.412461 0.309861 0.026859 0.073444
2 0.380023 0.327486 0.028922 0.071972
2 0.320750 0.385139 0.031813 0.081500
2 0.290383 0.415986 0.032234 0.084472
2 0.277164 0.278264 0.033047 0.048472
