1 0.209484 0.229278 0.047906 0.162556
1 0.105469 0.366667 0.045312 0.216667
1 0.651563 0.069444 0.021875 0.094444
1 0.283594 0.362500 0.032813 0.225000
1 0.120313 0.238889 0.040625 0.127778
1 0.736289 0.044778 0.025797 0.089556
2 0.330539 0.265500 0.038828 0.075667
2 0.204953 0.198292 0.028094 0.074917
2 0.226844 0.295250 0.033062 0.086667
2 0.284062 0.322417 0.033469 0.089611
2 0.102492 0.330486 0.036359 0.082250
0 0.655094 0.298875 0.027969 0.035972
0 0.736742 0.281750 0.023703 0.031167
0 0.743617 0.225083 0.018328 0.026222
0 0.533172 0.187792 0.017750 0.027917
0 0.110641 0.270986 0.028094 0.032528
0 0.119625 0.176528 0.015375 0.019389
1 0.397617 0.268639 0.047297 0.124278
2 0.581508 0.045903 0.020234 0.043306
2 0.651531 0.055083 0.024781 0.047000
2 0.735391 0.262556 0.031406 0.063889
2 0.732711 0.338583 0.035109 0.086667
2 0.655250 0.369042 0.032219 0.091806
2 0.531102 0.236111 0.032641 0.077111
2 0.412125 0.372722 0.035937 0.096222
1 0.580547 0.057472 0.024781 0.108000
1 0.738398 0.287833 0.033922 0.169944
1 0.336453 0.296972 0.046250 0.180944
1 0.460320 0.274125 0.045234 0.153528
1 0.528906 0.261111 0.045312 0.161111
1 0.727344 0.368056 0.042188 0.180556
1 0.653125 0.400000 0.040625 0.233333
1 0.412500 0.409722 0.043750 0.225000
