0 0.434594 0.643653 0.008594 0.013528
1 0.603547 0.701153 0.020563 0.130361
1 0.580930 0.696278 0.024672 0.123056
2 0.429828 0.674958 0.022625 0.043861
2 0.450047 0.590278 0.017813 0.047500
2 0.523711 0.654847 0.014391 0.037750
2 0.351359 0.628056 0.021937 0.052389
1 0.450641 0.593431 0.020938 0.089694
1 0.367461 0.812625 0.033578 0.143750
2 0.580594 0.682861 0.018500 0.052389
1 0.428125 0.681944 0.028125 0.097222
1 0.353125 0.644444 0.031250 0.111111
2 0.367469 0.799833 0.029469 0.059722
2 0.604242 0.684097 0.016453 0.059694
1 0.526117 0.673389 0.019047 0.107889
0 0.366789 0.756014 0.012391 0.013694
0 0.576984 0.648306 0.008719 0.010611
0 0.601742 0.642861 0.006891 0.012722
0 0.454180 0.558764 0.010453 0.011750
