2 0.166211 0.215847 0.041047 0.101528
2 0.599289 0.101111 0.039859 0.085667
2 0.695937 0.145000 0.031000 0.035944
1 0.690625 0.175000 0.037500 0.138889
1 0.760156 0.255556 0.048438 0.200000
1 0.535937 0.309722 0.043750 0.225000
1 0.148438 0.118056 0.031250 0.119444
0 0.765750 0.161750 0.017219 0.031833
0 0.787438 0.155028 0.020656 0.030611
0 0.600656 0.052514 0.021719 0.028750
0 0.534234 0.204292 0.021000 0.028750
0 0.479500 0.034458 0.020313 0.028139
0 0.200125 0.049458 0.017906 0.022639
2 0.765266 0.215319 0.037469 0.066639
2 0.789633 0.210042 0.029203 0.072972
2 0.539188 0.272431 0.043500 0.104694
2 0.477938 0.082069 0.033906 0.079306
2 0.396141 0.124361 0.036875 0.058167
2 0.328617 0.161917 0.026766 0.074056
2 0.206039 0.094236 0.039922 0.074028
2 0.146578 0.107444 0.029156 0.053944
0 0.170344 0.150431 0.022375 0.028750
1 0.395313 0.123611 0.043750 0.136111
1 0.474219 0.102778 0.039062 0.166667
1 0.332859 0.192806 0.039062 0.188222
1 0.209391 0.123653 0.059625 0.180917
1 0.166406 0.251389 0.042188 0.230556
1 0.790625 0.237500 0.031250 0.186111
1 0.597656 0.127778 0.035937 0.172222
