2 0.321625 0.742389 0.011187 0.030611
2 0.874219 0.734333 0.010000 0.021389
2 0.900937 0.721833 0.008750 0.027500
2 0.190234 0.821694 0.016938 0.042333
2 0.233406 0.827569 0.020656 0.040806
2 0.304133 0.760486 0.015203 0.032139
1 0.319531 0.754167 0.014063 0.080556
2 0.344727 0.753347 0.018359 0.030083
1 0.192539 0.835167 0.021578 0.087722
1 0.873437 0.722222 0.012500 0.072222
0 0.304656 0.742194 0.008438 0.011944
0 0.236531 0.802611 0.009375 0.011667
0 0.195281 0.798861 0.009688 0.011944
1 0.232813 0.836111 0.018750 0.083333
1 0.900000 0.727778 0.012500 0.055556
1 0.342969 0.766667 0.014063 0.066667
2 0.871641 0.706139 0.009844 0.018333
