0 0.167664 0.045167 0.064484 0.090333
2 0.205391 0.144375 0.047281 0.149861
2 0.492000 0.393736 0.183375 0.601417
2 0.243422 0.177264 0.041125 0.127917
2 0.038906 0.158986 0.077812 0.270472
2 0.119039 0.253111 0.191203 0.323444
2 0.410172 0.232264 0.168594 0.319806
2 0.684430 0.689889 0.240547 0.473333
2 0.188422 0.767542 0.295031 0.445917
0 0.280430 0.834264 0.139797 0.319806
1 0.051641 0.290000 0.078281 0.574444
1 0.385547 0.428889 0.205469 0.824444
1 0.124688 0.368056 0.194375 0.713889
1 0.732812 0.702778 0.328125 0.555556
1 0.516406 0.163889 0.135937 0.311111
0 0.720914 0.708153 0.124391 0.254028
0 0.476719 0.062139 0.070000 0.124278
0 0.522656 0.061056 0.055625 0.096000
0 0.245742 0.085528 0.028953 0.046333
0 0.297609 0.063167 0.040906 0.070500
0 0.334586 0.034472 0.052891 0.066167
0 0.108180 0.026764 0.043828 0.050750
