2 0.446961 0.189139 0.024672 0.071278
2 0.116477 0.341750 0.044203 0.091389
2 0.132914 0.227514 0.031859 0.060306
0 0.649422 0.287667 0.026781 0.028222
0 0.748250 0.258542 0.024375 0.024639
0 0.126352 0.274528 0.026547 0.030611
0 0.554117 0.144681 0.021484 0.028639
0 0.296328 0.264389 0.026438 0.037444
1 0.552844 0.221125 0.047281 0.193694
1 0.132812 0.254167 0.034375 0.147222
1 0.243750 0.323611 0.046875 0.219444
1 0.348438 0.281944 0.037500 0.175000
1 0.669531 0.048611 0.023438 0.091667
1 0.293750 0.355556 0.034375 0.205556
1 0.410938 0.261111 0.040625 0.105556
1 0.742188 0.348611 0.040625 0.191667
1 0.646875 0.383333 0.046875 0.222222
1 0.118750 0.373611 0.040625 0.219444
1 0.189844 0.255556 0.032813 0.155556
1 0.480883 0.254014 0.043172 0.146194
1 0.450328 0.209667 0.029344 0.165444
1 0.222352 0.245806 0.033922 0.195556
1 0.580187 0.049250 0.024656 0.095222
2 0.745586 0.314333 0.033922 0.080389
2 0.652039 0.350875 0.033922 0.080417
2 0.548219 0.185500 0.040094 0.067611
2 0.480883 0.233014 0.043172 0.063972
2 0.403789 0.252194 0.041109 0.062111
2 0.346734 0.256764 0.040094 0.071250
2 0.187914 0.235750 0.032891 0.076778
2 0.240336 0.291486 0.043172 0.085917
2 0.292766 0.325292 0.047281 0.084083
