1 0.146875 0.690278 0.059375 0.147222
1 0.735938 0.631944 0.040625 0.147222
0 0.728648 0.569306 0.019047 0.022056
0 0.674242 0.570264 0.020484 0.024083
0 0.554570 0.573500 0.019828 0.025833
0 0.563117 0.526931 0.017828 0.023139
0 0.088203 0.598806 0.021937 0.037778
0 0.127945 0.641458 0.016453 0.023139
0 0.226977 0.593931 0.030828 0.042639
2 0.736156 0.641444 0.036313 0.086500
2 0.687508 0.639625 0.052766 0.092583
2 0.565180 0.578708 0.032891 0.060917
2 0.237594 0.675556 0.056187 0.120611
2 0.551125 0.648139 0.043188 0.104778
2 0.155359 0.679833 0.038375 0.082833
2 0.076891 0.662778 0.041813 0.090167
1 0.563281 0.562500 0.042188 0.102778
1 0.692187 0.654028 0.068750 0.191944
1 0.092188 0.668056 0.078125 0.191667
1 0.550781 0.670833 0.048438 0.186111
1 0.239063 0.727778 0.062500 0.316667
