1 0.142187 0.225000 0.034375 0.144444
1 0.232813 0.216667 0.028125 0.144444
1 0.271875 0.287500 0.034375 0.197222
0 0.136914 0.159861 0.014109 0.020833
2 0.573398 0.202847 0.043172 0.080417
2 0.353930 0.229347 0.025703 0.056639
0 0.131406 0.251361 0.023750 0.027556
2 0.142172 0.207417 0.031875 0.071278
0 0.631969 0.287778 0.025813 0.031833
0 0.757109 0.269111 0.024094 0.028778
2 0.125203 0.307931 0.039062 0.100528
2 0.238797 0.282347 0.029813 0.089528
2 0.303563 0.305194 0.035969 0.095056
2 0.273750 0.238486 0.040094 0.078583
2 0.230578 0.189139 0.029813 0.067611
2 0.414602 0.234847 0.044234 0.060306
2 0.638680 0.353625 0.044203 0.093194
2 0.750219 0.329875 0.030844 0.078583
1 0.488594 0.229347 0.031875 0.177250
1 0.474719 0.217472 0.037000 0.164500
1 0.571383 0.231181 0.063797 0.199194
1 0.125000 0.345833 0.040625 0.219444
1 0.629687 0.380556 0.062500 0.227778
1 0.749219 0.359722 0.042188 0.191667
1 0.245312 0.304167 0.043750 0.202778
1 0.302344 0.345833 0.032813 0.219444
1 0.348438 0.280556 0.025000 0.150000
