1 0.783625 0.799542 0.040094 0.184583
2 0.651531 0.867153 0.039062 0.137083
2 0.782602 0.775778 0.033922 0.074944
2 0.827313 0.776694 0.034938 0.087722
0 0.447578 0.774639 0.025125 0.034278
0 0.543805 0.774639 0.030297 0.031833
0 0.632453 0.747111 0.027188 0.031833
0 0.653945 0.778931 0.028953 0.041639
0 0.827359 0.726444 0.018656 0.017444
0 0.781695 0.716458 0.016266 0.017861
2 0.620180 0.829694 0.052422 0.124278
2 0.554898 0.842486 0.055516 0.113306
2 0.457242 0.855278 0.047297 0.124278
2 0.300992 0.819639 0.055516 0.137056
1 0.451562 0.851389 0.059375 0.186111
1 0.659375 0.877778 0.053125 0.244444
1 0.558594 0.879167 0.060937 0.230556
1 0.607031 0.865278 0.085938 0.258333
1 0.310156 0.859722 0.054688 0.269444
1 0.827344 0.806944 0.032813 0.175000
0 0.314172 0.740361 0.022031 0.030611
0 0.291453 0.733639 0.019969 0.023278
