2 0.644961 0.349083 0.023547 0.056556
1 0.576562 0.329583 0.062500 0.313056
1 0.509766 0.425694 0.150781 0.192500
1 0.646094 0.348611 0.029687 0.097222
2 0.257922 0.369111 0.026156 0.044056
2 0.238820 0.409500 0.046484 0.082000
2 0.508891 0.406444 0.084000 0.104056
2 0.582789 0.275264 0.049578 0.111639
2 0.891594 0.352014 0.048344 0.077139
1 0.881797 0.353625 0.086344 0.096861
1 0.250078 0.406944 0.087656 0.102778
0 0.644875 0.304778 0.012188 0.019556
0 0.569367 0.204750 0.025578 0.040167
0 0.564312 0.366000 0.028563 0.060222
