2 0.487687 0.417500 0.012969 0.027500
2 0.473164 0.785694 0.026672 0.047944
2 0.306336 0.565625 0.019516 0.046417
1 0.453992 0.432028 0.013672 0.092611
1 0.433977 0.484222 0.018172 0.096944
1 0.792250 0.744333 0.017906 0.138556
0 0.304977 0.534389 0.010172 0.014500
0 0.477391 0.761389 0.012188 0.015556
0 0.568797 0.767222 0.014688 0.020000
1 0.374492 0.625583 0.028078 0.132944
1 0.305469 0.579167 0.020313 0.102778
1 0.566406 0.806944 0.035937 0.097222
0 0.703812 0.793806 0.011063 0.013667
0 0.779641 0.674903 0.016187 0.022472
1 0.716820 0.811236 0.028391 0.133639
1 0.704195 0.845153 0.028984 0.122917
1 0.821242 0.829139 0.032891 0.138889
1 0.730266 0.742333 0.019531 0.104167
1 0.486242 0.431333 0.020234 0.076389
1 0.473438 0.800000 0.034375 0.105556
1 0.753125 0.793056 0.037500 0.102778
1 0.443750 0.725000 0.025000 0.127778
1 0.781766 0.730500 0.025000 0.130556
