1 0.644969 0.269597 0.021812 0.099583
2 0.255344 0.514903 0.028563 0.092417
2 0.358273 0.511528 0.036141 0.085667
2 0.339344 0.420958 0.027188 0.082028
2 0.436430 0.450639 0.029266 0.076500
2 0.590141 0.411764 0.034437 0.086917
2 0.723203 0.628431 0.040281 0.089361
2 0.740414 0.525000 0.029266 0.071000
2 0.854523 0.349972 0.030703 0.053056
0 0.265859 0.331444 0.017250 0.023278
0 0.042180 0.688375 0.039859 0.049694
0 0.264633 0.453764 0.027547 0.027528
0 0.740586 0.482833 0.023766 0.029389
2 0.046055 0.784000 0.051391 0.138889
1 0.435156 0.468056 0.048438 0.191667
1 0.042969 0.825000 0.054688 0.311111
1 0.771023 0.302292 0.018922 0.105083
1 0.566383 0.221569 0.017359 0.081083
1 0.536391 0.216472 0.014875 0.081500
1 0.685117 0.287222 0.024797 0.069611
0 0.726297 0.563917 0.027531 0.031222
1 0.377344 0.445833 0.026562 0.147222
1 0.252344 0.561111 0.039062 0.205556
1 0.589063 0.437500 0.040625 0.169444
1 0.262500 0.391667 0.037500 0.144444
1 0.853906 0.380556 0.029687 0.122222
1 0.351562 0.538889 0.050000 0.233333
1 0.722656 0.663889 0.057813 0.233333
1 0.743016 0.546417 0.059625 0.171778
1 0.405844 0.438611 0.028781 0.193722
1 0.412383 0.439597 0.033266 0.184194
1 0.344000 0.442236 0.032219 0.177139
