2 0.384055 0.166125 0.028266 0.067861
1 0.426563 0.308333 0.040625 0.188889
1 0.648438 0.151389 0.028125 0.130556
1 0.384375 0.195833 0.037500 0.163889
1 0.741906 0.050417 0.026562 0.100833
1 0.855469 0.261111 0.039062 0.211111
1 0.292187 0.188889 0.046875 0.144444
0 0.019273 0.505208 0.032984 0.045861
0 0.328594 0.245375 0.027687 0.035250
0 0.385813 0.120889 0.019000 0.019833
2 0.425477 0.266986 0.027016 0.065028
2 0.332250 0.305375 0.031719 0.092528
2 0.290359 0.161722 0.026281 0.059056
2 0.694906 0.185181 0.039406 0.071583
2 0.650313 0.123625 0.022719 0.059361
2 0.741758 0.022861 0.028922 0.045722
2 0.023797 0.584417 0.038062 0.108944
2 0.859883 0.221667 0.029203 0.085667
1 0.689844 0.219444 0.032813 0.200000
1 0.332031 0.334722 0.057813 0.208333
1 0.030469 0.620833 0.057813 0.269444
