0 0.199648 0.206556 0.026172 0.031722
1 0.413555 0.246708 0.033922 0.215639
1 0.382719 0.201944 0.038031 0.195556
2 0.198023 0.268125 0.035797 0.082639
2 0.267047 0.138069 0.032031 0.064861
2 0.385648 0.170819 0.031672 0.069139
2 0.409055 0.214875 0.032359 0.088750
2 0.385648 0.256806 0.034422 0.086889
2 0.530586 0.140528 0.033734 0.074667
2 0.582547 0.149694 0.032406 0.067333
2 0.716828 0.226514 0.035125 0.070361
2 0.789813 0.227736 0.027531 0.077750
2 0.818203 0.278833 0.041000 0.080778
1 0.201563 0.255556 0.043750 0.277778
1 0.262500 0.165278 0.034375 0.141667
1 0.530469 0.162500 0.032813 0.163889
1 0.714844 0.233333 0.042188 0.127778
1 0.786719 0.256944 0.035937 0.186111
1 0.385937 0.294444 0.046875 0.205556
1 0.812500 0.309722 0.040625 0.219444
1 0.579688 0.172222 0.037500 0.166667
1 0.204687 0.154167 0.031250 0.108333
0 0.266984 0.098556 0.010406 0.015111
0 0.205523 0.107847 0.014109 0.023250
0 0.791086 0.178319 0.021484 0.024972
0 0.814422 0.223125 0.026031 0.032306
0 0.531828 0.092722 0.017812 0.028722
