1 0.363281 0.473611 0.035937 0.097222
1 0.085938 0.456944 0.021875 0.097222
0 0.311789 0.408417 0.012547 0.015222
0 0.052531 0.474403 0.008563 0.017361
0 0.083805 0.418250 0.012172 0.019833
0 0.177414 0.295778 0.008766 0.013833
2 0.009344 0.515639 0.018688 0.038556
2 0.039672 0.490542 0.022000 0.042250
1 0.176609 0.315236 0.030844 0.115139
1 0.042406 0.516208 0.032125 0.111806
1 0.011383 0.537208 0.022766 0.110417
1 0.294750 0.432472 0.027125 0.119389
1 0.067969 0.454167 0.017188 0.091667
1 0.310234 0.455556 0.020313 0.094444
