1 0.490133 0.167208 0.024672 0.096861
1 0.258328 0.291486 0.023656 0.085917
0 0.018172 0.543986 0.020844 0.033694
0 0.894625 0.311806 0.015344 0.021389
1 0.450781 0.113889 0.010937 0.038889
1 0.026719 0.410972 0.044062 0.110833
1 0.026562 0.606944 0.050000 0.163889
1 0.891406 0.363889 0.020313 0.122222
2 0.027500 0.583792 0.043281 0.082417
2 0.016563 0.397042 0.018844 0.047583
2 0.261922 0.283347 0.017906 0.033472
2 0.672672 0.243681 0.019344 0.037028
2 0.890766 0.355403 0.017688 0.058250
1 0.673117 0.259500 0.022609 0.087722
