2 0.479875 0.484653 0.010562 0.031139
1 0.468508 0.626778 0.027484 0.106111
1 0.594531 0.619444 0.023438 0.094444
1 0.558594 0.619444 0.023438 0.100000
2 0.444805 0.486431 0.010578 0.024083
2 0.337656 0.542153 0.010969 0.026806
2 0.357523 0.588417 0.012328 0.036500
1 0.479719 0.501972 0.012156 0.079556
1 0.356664 0.602292 0.018172 0.083417
1 0.337664 0.550000 0.011891 0.070500
0 0.469430 0.585556 0.008922 0.008222
0 0.563906 0.579444 0.009094 0.009056
0 0.592172 0.581667 0.006937 0.008222
0 0.447023 0.468819 0.006609 0.006361
1 0.445242 0.500056 0.014203 0.071667
1 0.495273 0.488556 0.017828 0.082833
1 0.466273 0.499083 0.012859 0.068944
2 0.595250 0.610986 0.019844 0.041139
2 0.559258 0.609347 0.020484 0.043472
2 0.495266 0.479861 0.013875 0.031722
2 0.466836 0.615875 0.023984 0.042639
2 0.466000 0.487889 0.010906 0.023500
