1 0.310156 0.505556 0.039062 0.233333
2 0.352398 0.409681 0.022516 0.063750
2 0.583617 0.234792 0.013547 0.026194
2 0.621469 0.249306 0.016344 0.031167
2 0.727164 0.240444 0.016141 0.045333
2 0.644984 0.495542 0.034719 0.055083
2 0.337297 0.438167 0.023531 0.069889
2 0.016344 0.850708 0.032688 0.115139
2 0.192219 0.407236 0.024375 0.055806
2 0.231883 0.555236 0.032641 0.082972
2 0.300047 0.510431 0.029344 0.085917
2 0.448359 0.407250 0.032625 0.080778
0 0.641641 0.462014 0.019625 0.024472
0 0.234719 0.496306 0.025125 0.035500
0 0.008859 0.752431 0.016219 0.045917
1 0.470609 0.209250 0.020562 0.089556
1 0.621711 0.248542 0.024672 0.062139
1 0.345195 0.426722 0.037016 0.177278
1 0.018750 0.862500 0.037500 0.269444
1 0.303125 0.552778 0.040625 0.216667
1 0.189844 0.429167 0.032813 0.136111
1 0.236719 0.586111 0.051562 0.200000
1 0.642188 0.518056 0.050000 0.158333
1 0.391406 0.463889 0.048438 0.188889
1 0.727344 0.251389 0.023438 0.086111
1 0.579688 0.244444 0.018750 0.072222
1 0.446875 0.441667 0.037500 0.188889
