1 0.662273 0.100431 0.025797 0.065972
2 0.053922 0.694292 0.050031 0.131139
2 0.272281 0.407167 0.033312 0.092000
2 0.288938 0.256458 0.030937 0.071917
2 0.341586 0.364875 0.042234 0.075083
2 0.405836 0.293486 0.041047 0.074028
2 0.488523 0.257514 0.029141 0.078250
2 0.375195 0.292958 0.026172 0.070861
2 0.619703 0.075097 0.016656 0.039139
2 0.661047 0.093597 0.018438 0.033861
2 0.758016 0.086722 0.014875 0.049722
1 0.342969 0.405556 0.042188 0.211111
1 0.621719 0.090472 0.020563 0.104167
1 0.511211 0.059389 0.023641 0.089556
0 0.044977 0.606208 0.036891 0.038083
1 0.489063 0.288889 0.034375 0.183333
1 0.232031 0.288889 0.032813 0.138889
1 0.276562 0.437500 0.050000 0.197222
1 0.350000 0.312778 0.034375 0.153333
1 0.057031 0.744444 0.057813 0.316667
1 0.374367 0.308319 0.032234 0.171861
1 0.928461 0.262069 0.031859 0.164472
1 0.785555 0.097736 0.022297 0.099583
1 0.290625 0.277778 0.034375 0.150000
1 0.403125 0.326389 0.034375 0.191667
1 0.761984 0.095944 0.029906 0.104167
