0 0.061797 0.341667 0.044406 0.050444
0 0.247820 0.335639 0.033078 0.034889
1 0.048438 0.515278 0.084375 0.397222
0 0.172789 0.336861 0.037172 0.027556
0 0.494141 0.278153 0.040094 0.062139
0 0.618437 0.510208 0.023969 0.041861
0 0.550477 0.514944 0.019422 0.052944
0 0.732836 0.370597 0.028172 0.038806
0 0.140195 0.392889 0.023797 0.043167
2 0.506586 0.408444 0.098703 0.177278
2 0.435141 0.523583 0.054469 0.074944
2 0.369352 0.429472 0.083266 0.190056
2 0.306125 0.424889 0.057563 0.159000
2 0.206422 0.447736 0.119250 0.201028
2 0.250102 0.415750 0.046266 0.104167
2 0.052742 0.450486 0.083266 0.162639
1 0.605469 0.543056 0.104688 0.102778
0 0.326328 0.342361 0.035813 0.044667
0 0.366266 0.294625 0.043375 0.049583
0 0.195688 0.290333 0.061625 0.075278
1 0.128125 0.531944 0.090625 0.336111
1 0.303906 0.491667 0.073438 0.338889
1 0.709375 0.523611 0.071875 0.158333
1 0.367188 0.484722 0.084375 0.419444
1 0.249922 0.507917 0.043906 0.349167
1 0.207031 0.473611 0.117188 0.413889
1 0.745313 0.467500 0.046875 0.238889
2 0.750219 0.428264 0.047281 0.093750
2 0.706531 0.466014 0.048312 0.051194
2 0.137547 0.445917 0.039062 0.109667
1 0.505469 0.466667 0.092188 0.422222
1 0.547656 0.540278 0.039062 0.147222
