2 0.495820 0.033778 0.012391 0.036000
2 0.221102 0.251917 0.021484 0.056556
1 0.041406 0.727778 0.057813 0.305556
1 0.606094 0.085278 0.023750 0.071667
1 0.264844 0.419444 0.048438 0.194444
1 0.747133 0.081319 0.026734 0.111472
1 0.652875 0.082167 0.025500 0.073222
1 0.499906 0.044764 0.021594 0.078583
1 0.382711 0.257681 0.042141 0.160806
2 0.043992 0.692625 0.055516 0.131583
2 0.263039 0.395125 0.036766 0.088861
2 0.475172 0.241639 0.031406 0.077111
2 0.331820 0.349583 0.034703 0.087389
2 0.390891 0.277250 0.028094 0.069056
1 0.384375 0.308333 0.034375 0.177778
1 0.344008 0.301333 0.036047 0.147222
1 0.075000 0.047222 0.018750 0.072222
1 0.264844 0.290278 0.042188 0.136111
1 0.219531 0.279167 0.032813 0.141667
1 0.476562 0.275000 0.034375 0.183333
1 0.334766 0.393333 0.047656 0.213333
0 0.040109 0.597847 0.039656 0.045917
0 0.259750 0.334111 0.024438 0.030000
0 0.378688 0.189056 0.020656 0.022667
0 0.218266 0.213542 0.018594 0.021417
0 0.603281 0.056903 0.013094 0.014806
0 0.649516 0.058028 0.009187 0.011222
1 0.779977 0.082153 0.028891 0.102528
2 0.649297 0.082264 0.019406 0.038917
