0 0.243000 0.438917 0.028687 0.034167
2 0.024922 0.794042 0.042250 0.115139
2 0.201531 0.353472 0.025813 0.060056
2 0.242844 0.495194 0.027875 0.087500
2 0.313766 0.459083 0.036156 0.078944
2 0.339414 0.413181 0.025484 0.087528
2 0.367125 0.356875 0.021000 0.064250
2 0.401016 0.382861 0.032406 0.067389
2 0.457492 0.353500 0.028922 0.078333
2 0.698469 0.396347 0.027562 0.066083
1 0.403125 0.419444 0.040625 0.188889
1 0.359375 0.375000 0.021875 0.133333
1 0.315625 0.372222 0.025000 0.083333
1 0.337500 0.433333 0.028125 0.177778
1 0.461977 0.390917 0.040422 0.183333
1 0.242969 0.526389 0.045312 0.191667
1 0.312500 0.502778 0.040625 0.205556
1 0.200000 0.377778 0.037500 0.155556
1 0.025781 0.820833 0.048438 0.308333
1 0.696875 0.423611 0.046875 0.180556
0 0.014133 0.693458 0.026828 0.049528
0 0.202109 0.313972 0.014625 0.019889
0 0.697203 0.351056 0.018594 0.027556
0 0.399734 0.338736 0.017438 0.020361
