1 0.375422 0.346042 0.027531 0.149972
1 0.509156 0.129750 0.027750 0.080389
0 0.348508 0.386542 0.020078 0.021917
0 0.804469 0.286778 0.016906 0.020278
0 0.764867 0.128986 0.012203 0.016583
2 0.341914 0.432722 0.035703 0.085500
2 0.232602 0.331819 0.023297 0.054639
2 0.272508 0.476792 0.035703 0.078417
2 0.051195 0.770292 0.055516 0.133417
0 0.043969 0.680472 0.037187 0.052000
0 0.275484 0.420472 0.022313 0.030833
0 0.230367 0.291361 0.016359 0.021167
0 0.783391 0.123444 0.011000 0.016611
1 0.428906 0.388889 0.035937 0.177778
1 0.351781 0.384847 0.035812 0.175861
1 0.623258 0.158069 0.023641 0.096861
1 0.785109 0.164375 0.022719 0.102528
1 0.759469 0.167222 0.018500 0.104167
1 0.803125 0.354167 0.031250 0.169444
1 0.275625 0.506944 0.048750 0.202778
1 0.488281 0.361111 0.039062 0.194444
1 0.342187 0.483333 0.046875 0.200000
1 0.664836 0.170792 0.028891 0.067806
2 0.894422 0.080208 0.017344 0.041417
2 0.802953 0.334903 0.029750 0.066083
2 0.485930 0.327861 0.031234 0.083722
1 0.231250 0.354167 0.031250 0.141667
1 0.890625 0.093278 0.027125 0.086278
2 0.430156 0.356944 0.029750 0.064333
1 0.366289 0.410583 0.029297 0.187333
1 0.053906 0.812500 0.057813 0.313889
