1 0.634563 0.056653 0.029813 0.095028
1 0.336719 0.222222 0.026562 0.155556
1 0.507031 0.069444 0.020313 0.100000
1 0.028906 0.659722 0.051562 0.313889
1 0.896875 0.287500 0.034375 0.180556
1 0.250000 0.215278 0.050000 0.152778
1 0.283594 0.362500 0.051562 0.202778
1 0.557813 0.231944 0.040625 0.169444
1 0.690625 0.277778 0.040625 0.183333
1 0.644531 0.262500 0.032813 0.191667
1 0.383594 0.334722 0.042188 0.197222
1 0.371406 0.246708 0.033937 0.182750
1 0.681289 0.051986 0.028891 0.100694
1 0.729055 0.053000 0.031891 0.106000
2 0.564008 0.199278 0.024297 0.065222
2 0.648031 0.231000 0.036688 0.082833
2 0.697609 0.237167 0.029750 0.075778
2 0.727359 0.025208 0.021813 0.041417
2 0.024570 0.618514 0.049141 0.137250
2 0.281977 0.334431 0.044203 0.098694
2 0.385789 0.297542 0.027766 0.073139
2 0.339187 0.196625 0.024781 0.059917
2 0.244500 0.185611 0.021813 0.046722
0 0.372203 0.168694 0.018188 0.027611
0 0.734648 0.006639 0.010016 0.012278
0 0.677680 0.010958 0.010328 0.011028
0 0.632414 0.019208 0.012047 0.016528
0 0.507773 0.026542 0.012078 0.015361
0 0.889406 0.214458 0.022031 0.027528
0 0.021070 0.529611 0.033922 0.054833
0 0.343648 0.154667 0.016359 0.021167
0 0.562023 0.161236 0.017859 0.020361
0 0.241773 0.152903 0.019828 0.017639
0 0.289367 0.269694 0.030734 0.032611
