2 0.050117 0.439944 0.037672 0.096944
2 0.245937 0.409542 0.029750 0.080194
2 0.204297 0.298069 0.029750 0.049361
2 0.308148 0.356222 0.042141 0.063444
2 0.367148 0.302917 0.032234 0.097833
0 0.189727 0.251903 0.015141 0.018361
0 0.203844 0.258653 0.016531 0.018361
0 0.127234 0.275778 0.021688 0.025722
0 0.029469 0.260167 0.016875 0.028778
0 0.055633 0.374625 0.025141 0.028750
0 0.579438 0.337903 0.019281 0.029972
0 0.678406 0.408278 0.024437 0.033667
1 0.574453 0.397500 0.054219 0.149444
1 0.677344 0.495833 0.054688 0.219444
1 0.364844 0.327778 0.035937 0.177778
1 0.029687 0.325000 0.031250 0.144444
1 0.174219 0.348611 0.032813 0.147222
1 0.202344 0.330556 0.035937 0.166667
1 0.127344 0.351389 0.032813 0.169444
1 0.250828 0.448611 0.039062 0.219444
1 0.052344 0.480556 0.045312 0.216667
1 0.314063 0.376389 0.046875 0.141667
2 0.581555 0.380458 0.033703 0.067861
2 0.685414 0.471681 0.044109 0.088139
1 0.654141 0.200417 0.028281 0.121389
2 0.656664 0.178194 0.030234 0.051111
2 0.432586 0.118708 0.016359 0.034361
0 0.171992 0.284042 0.015484 0.027528
0 0.556711 0.107792 0.013078 0.018972
0 0.658273 0.147875 0.012391 0.019583
2 0.129438 0.329792 0.028750 0.074028
2 0.031031 0.306875 0.029250 0.047583
1 0.473687 0.137069 0.028781 0.076750
1 0.553867 0.142556 0.022609 0.106000
1 0.431539 0.128833 0.026734 0.089556
1 0.321039 0.089556 0.023641 0.073111
