0 0.543711 0.702875 0.016109 0.016806
2 0.498312 0.396694 0.014750 0.028722
1 0.553125 0.579167 0.021875 0.102778
1 0.546094 0.761111 0.026562 0.133333
1 0.592187 0.812500 0.031250 0.125000
1 0.511719 0.770833 0.026562 0.130556
1 0.100000 0.609722 0.018750 0.097222
1 0.278359 0.386806 0.022344 0.076389
1 0.496305 0.576583 0.028797 0.107833
1 0.510680 0.615958 0.032453 0.102528
1 0.460055 0.418319 0.016078 0.096917
1 0.476828 0.433111 0.019250 0.075500
1 0.497352 0.408639 0.018359 0.076500
1 0.248734 0.700361 0.026125 0.129000
0 0.550672 0.539153 0.013406 0.016194
0 0.246711 0.649097 0.014359 0.017417
0 0.495891 0.533167 0.011781 0.021556
0 0.595844 0.763375 0.014437 0.023306
