1 0.485156 0.133333 0.032813 0.166667
0 0.157945 0.173542 0.024797 0.029083
0 0.427375 0.207028 0.025281 0.027333
1 0.759984 0.246708 0.038031 0.197361
1 0.568781 0.164472 0.048313 0.204667
2 0.156406 0.237347 0.039156 0.073139
1 0.667188 0.226389 0.037500 0.108333
1 0.357031 0.236111 0.042188 0.211111
1 0.209375 0.137500 0.040625 0.141667
1 0.771875 0.284722 0.050000 0.213889
1 0.158594 0.138889 0.032813 0.138889
1 0.419531 0.304167 0.045312 0.208333
0 0.485383 0.061597 0.021328 0.022028
2 0.161367 0.124097 0.028266 0.061694
1 0.157812 0.263889 0.043750 0.188889
2 0.569359 0.141278 0.039156 0.085500
2 0.488063 0.114389 0.032219 0.079333
2 0.427078 0.271264 0.043125 0.093417
2 0.352227 0.196347 0.032234 0.093417
0 0.778687 0.198569 0.019844 0.028917
0 0.766852 0.163931 0.022484 0.025917
0 0.571398 0.082306 0.019828 0.026444
2 0.210437 0.111750 0.032219 0.068722
