0 0.580664 0.407458 0.013766 0.030583
0 0.714930 0.339361 0.010328 0.013778
1 0.187914 0.582069 0.037016 0.202861
1 0.247484 0.618514 0.041219 0.203028
1 0.312812 0.666125 0.054469 0.224806
1 0.567234 0.419403 0.053469 0.060306
1 0.717719 0.358194 0.028000 0.056389
1 0.232031 0.581944 0.035937 0.186111
1 0.515625 0.381944 0.031250 0.069444
1 0.766406 0.361111 0.023438 0.061111
2 0.715453 0.361569 0.020563 0.033139
2 0.767086 0.363472 0.021516 0.027611
2 0.518977 0.377556 0.026172 0.031222
2 0.570102 0.421931 0.025828 0.053861
2 0.230352 0.562722 0.021891 0.089611
2 0.240273 0.597986 0.030984 0.085194
2 0.191516 0.551347 0.045031 0.078583
0 0.236000 0.503764 0.018938 0.023250
0 0.187453 0.496417 0.016875 0.024500
2 0.309727 0.640333 0.054484 0.129333
0 0.321203 0.573833 0.019281 0.032444
0 0.508367 0.367167 0.013766 0.023444
