0 0.306562 0.368278 0.011906 0.012333
1 0.214844 0.620833 0.029687 0.086111
1 0.335938 0.645833 0.056250 0.169444
1 0.303906 0.418056 0.026562 0.130556
1 0.545312 0.788194 0.037500 0.084722
1 0.241406 0.781944 0.051562 0.241667
2 0.410984 0.429444 0.030156 0.050000
2 0.303039 0.405097 0.023984 0.049972
2 0.214984 0.631708 0.027406 0.047528
2 0.200937 0.702361 0.028094 0.071889
2 0.175234 0.813847 0.047969 0.082861
2 0.243766 0.762069 0.042500 0.096250
2 0.334562 0.616472 0.048656 0.048722
2 0.493219 0.741958 0.032906 0.063361
2 0.544273 0.788264 0.034953 0.046306
2 0.675508 0.720028 0.031516 0.053611
1 0.411320 0.446528 0.033578 0.137667
1 0.201625 0.743792 0.039062 0.201028
1 0.175234 0.838819 0.049344 0.220528
1 0.676539 0.755903 0.033578 0.176806
1 0.494242 0.777292 0.034953 0.185194
0 0.408328 0.386431 0.010906 0.014694
0 0.240023 0.611097 0.015703 0.022528
0 0.544516 0.755514 0.013875 0.017639
0 0.678961 0.677972 0.015859 0.015278
0 0.493586 0.693653 0.014047 0.014694
0 0.204477 0.657167 0.014859 0.015889
0 0.219781 0.592597 0.017844 0.021139
0 0.324344 0.573556 0.016844 0.017056
0 0.242227 0.700056 0.012953 0.022500
0 0.165969 0.752875 0.017188 0.032306
