2 0.620969 0.127125 0.009813 0.019972
1 0.233672 0.339389 0.028125 0.102778
1 0.241859 0.354083 0.023438 0.108333
1 0.223484 0.350361 0.028125 0.108333
1 0.452617 0.111472 0.017484 0.073111
1 0.620180 0.132486 0.013359 0.045694
1 0.723484 0.232097 0.018500 0.080417
0 0.726000 0.200028 0.010469 0.013056
0 0.222398 0.305847 0.009484 0.015028
0 0.231125 0.300167 0.013594 0.015278
0 0.241195 0.310306 0.010641 0.013889
2 0.218469 0.325653 0.011000 0.031028
2 0.227313 0.316083 0.016250 0.026333
2 0.241891 0.334778 0.014344 0.042500
2 0.726047 0.223389 0.017219 0.033167
