0 0.791000 0.268653 0.023125 0.027917
1 0.610320 0.051111 0.026891 0.102222
1 0.289172 0.289667 0.040094 0.188222
1 0.254727 0.247625 0.045234 0.169972
2 0.436172 0.211986 0.038031 0.091361
2 0.381320 0.222972 0.027766 0.074889
2 0.325805 0.331375 0.034703 0.073139
2 0.687945 0.357125 0.041141 0.084083
2 0.789891 0.324028 0.040094 0.085889
2 0.147680 0.355708 0.039172 0.095194
2 0.183867 0.245528 0.030234 0.065222
2 0.154719 0.249500 0.022812 0.059056
2 0.254617 0.229681 0.034203 0.074028
2 0.285102 0.260069 0.032734 0.081972
2 0.368383 0.268014 0.037672 0.073139
2 0.514695 0.171625 0.039266 0.070639
2 0.610711 0.036681 0.019984 0.054583
2 0.689977 0.025528 0.017203 0.033667
1 0.321875 0.377778 0.043750 0.216667
1 0.439063 0.247222 0.043750 0.183333
1 0.146094 0.388889 0.045312 0.216667
1 0.789062 0.356944 0.043750 0.202778
1 0.685937 0.383333 0.046875 0.216667
1 0.690625 0.050000 0.015625 0.088889
1 0.160156 0.252778 0.039062 0.127778
1 0.382031 0.243056 0.029687 0.163889
1 0.365625 0.300000 0.037500 0.155556
1 0.475000 0.218056 0.037500 0.158333
1 0.183594 0.266667 0.039062 0.155556
1 0.514062 0.201389 0.034375 0.158333
0 0.151492 0.295097 0.028922 0.030861
0 0.686063 0.289944 0.026438 0.033778
