0 0.205703 0.623333 0.011250 0.010611
2 0.179695 0.653028 0.014391 0.053611
2 0.203328 0.656681 0.020563 0.053583
2 0.224922 0.650583 0.019875 0.056056
2 0.119383 0.468444 0.015766 0.028000
0 0.162648 0.647208 0.010328 0.024472
0 0.179070 0.616167 0.010141 0.010556
2 0.163922 0.685306 0.018500 0.049944
0 0.224078 0.613722 0.009938 0.013944
1 0.222656 0.661111 0.026562 0.111111
1 0.146094 0.641667 0.026562 0.133333
0 0.146391 0.587889 0.012250 0.011889
1 0.163281 0.691667 0.023438 0.138889
1 0.059375 0.637500 0.021875 0.130556
1 0.203906 0.662500 0.029687 0.091667
1 0.121094 0.465278 0.020313 0.058333
1 0.180469 0.672361 0.023438 0.127500
2 0.057359 0.618292 0.020563 0.045083
2 0.144055 0.623181 0.023984 0.042639
