1 0.332031 0.273611 0.035937 0.141667
1 0.741937 0.272306 0.033000 0.160833
1 0.672039 0.103250 0.024766 0.104167
1 0.626344 0.099597 0.025687 0.089528
1 0.525039 0.043764 0.026828 0.084250
1 0.782078 0.091375 0.018500 0.116972
1 0.398602 0.371889 0.037109 0.224778
1 0.368320 0.286917 0.035984 0.171778
2 0.279844 0.375000 0.033219 0.078444
2 0.389406 0.330056 0.028250 0.076667
2 0.533422 0.259111 0.025781 0.075778
2 0.690820 0.293917 0.023297 0.085500
2 0.717336 0.290403 0.020828 0.087250
0 0.740828 0.209250 0.023750 0.025722
0 0.715000 0.230069 0.021687 0.024472
0 0.468680 0.115000 0.013766 0.022056
0 0.530312 0.215069 0.021344 0.020194
0 0.333047 0.216903 0.018594 0.023861
0 0.239398 0.187222 0.015141 0.025722
0 0.281234 0.310847 0.025125 0.030583
0 0.055328 0.549778 0.041406 0.055833
2 0.061984 0.646028 0.056531 0.126111
1 0.531250 0.284722 0.043750 0.169444
1 0.461719 0.166667 0.035937 0.133333
1 0.067187 0.688889 0.062500 0.305556
1 0.243750 0.251389 0.050000 0.147222
1 0.687188 0.324583 0.040000 0.200833
1 0.282266 0.411111 0.041719 0.188889
1 0.714063 0.311111 0.034375 0.177778
