1 0.221875 0.236111 0.025000 0.144444
1 0.321875 0.347222 0.050000 0.233333
1 0.660156 0.061111 0.023438 0.105556
2 0.661289 0.042028 0.025703 0.065778
2 0.434117 0.199208 0.042141 0.080417
2 0.317617 0.310194 0.039297 0.088222
0 0.588836 0.314431 0.025234 0.033639
1 0.147656 0.259722 0.032813 0.169444
2 0.148062 0.235486 0.028406 0.069361
0 0.598164 0.222889 0.018078 0.031111
2 0.201141 0.230375 0.020938 0.071417
2 0.224953 0.206153 0.019219 0.054583
2 0.111992 0.341083 0.029266 0.086278
1 0.339844 0.279167 0.035937 0.152778
1 0.425781 0.226389 0.064062 0.163889
1 0.594477 0.311583 0.054484 0.224778
1 0.109375 0.379167 0.046875 0.225000
1 0.607031 0.395694 0.073438 0.214167
2 0.597047 0.262250 0.039062 0.089556
1 0.203125 0.248611 0.028125 0.169444
1 0.302023 0.106917 0.043172 0.137056
1 0.062500 0.245833 0.028125 0.147222
