1 0.737867 0.656000 0.027266 0.134389
1 0.571734 0.393069 0.011406 0.076694
1 0.564805 0.401000 0.016359 0.076667
0 0.710812 0.628819 0.013625 0.019972
2 0.402219 0.588333 0.021313 0.041444
1 0.402344 0.598611 0.023438 0.097222
1 0.782031 0.787500 0.026562 0.119444
1 0.423438 0.601389 0.021875 0.097222
1 0.827344 0.858333 0.029687 0.150000
1 0.816406 0.844444 0.032813 0.161111
1 0.741406 0.750000 0.029687 0.138889
0 0.817719 0.766333 0.021250 0.028333
0 0.780766 0.718972 0.018281 0.024722
0 0.401711 0.558986 0.011234 0.015306
1 0.709578 0.681333 0.022719 0.126333
