1 0.428906 0.761111 0.026562 0.150000
1 0.453125 0.765278 0.031250 0.180556
1 0.636719 0.329444 0.017188 0.074444
2 0.934555 0.433111 0.013703 0.023167
2 0.634734 0.322236 0.017125 0.025583
2 0.615203 0.404486 0.019188 0.046306
2 0.455867 0.720028 0.021234 0.053611
2 0.430164 0.739528 0.026047 0.073111
2 0.235203 0.730389 0.028094 0.052389
0 0.436969 0.697083 0.011500 0.012667
1 0.934375 0.427778 0.018750 0.061111
0 0.233852 0.686931 0.009641 0.019083
1 0.235937 0.737500 0.028125 0.130556
0 0.619016 0.374222 0.008812 0.013222
0 0.461289 0.684972 0.009359 0.015167
1 0.615625 0.415278 0.021875 0.102778
1 0.507031 0.666667 0.048438 0.116667
