1 0.009453 0.641667 0.018906 0.227778
1 0.585938 0.212500 0.034375 0.163889
1 0.409375 0.322222 0.050000 0.200000
1 0.706250 0.261111 0.056250 0.194444
0 0.264922 0.134264 0.018562 0.021583
0 0.985211 0.221208 0.021422 0.027917
0 0.584375 0.152667 0.017844 0.025389
2 0.364422 0.184458 0.029250 0.074917
2 0.267992 0.174722 0.023797 0.055611
2 0.311727 0.317986 0.038141 0.095028
1 0.552789 0.043861 0.028891 0.087722
1 0.700867 0.030153 0.026734 0.056639
1 0.736797 0.047514 0.028875 0.091361
1 0.649937 0.042042 0.029906 0.080417
1 0.983047 0.294236 0.031875 0.186417
1 0.307812 0.344444 0.056250 0.205556
1 0.269531 0.198611 0.048438 0.141667
2 0.736227 0.020625 0.020328 0.041250
2 0.672523 0.207806 0.026766 0.070500
2 0.585766 0.191514 0.025781 0.059028
2 0.407055 0.183569 0.027266 0.067861
2 0.409039 0.283167 0.030234 0.078444
1 0.670312 0.231944 0.025000 0.180556
1 0.402344 0.184722 0.029687 0.102778
1 0.363281 0.205556 0.032813 0.155556
