0 0.169477 0.620083 0.014203 0.022333
0 0.598523 0.777167 0.021484 0.030833
2 0.258844 0.638403 0.028781 0.048750
1 0.390625 0.908333 0.043750 0.161111
1 0.614062 0.712500 0.043750 0.163889
2 0.621398 0.600222 0.020422 0.036722
1 0.617820 0.608278 0.031391 0.064056
2 0.683055 0.610375 0.024672 0.046306
2 0.153617 0.641653 0.034266 0.048750
2 0.488531 0.525403 0.022938 0.038361
2 0.487063 0.575056 0.026719 0.038167
2 0.614516 0.689569 0.035625 0.077972
2 0.390422 0.896083 0.031531 0.101111
1 0.682031 0.630556 0.026562 0.122222
1 0.486719 0.588333 0.029687 0.112222
1 0.410938 0.512778 0.025000 0.096667
1 0.156875 0.660833 0.044063 0.125000
1 0.265859 0.654722 0.044219 0.090556
1 0.203906 0.520833 0.017188 0.102778
1 0.591406 0.877222 0.039062 0.234444
0 0.281359 0.620958 0.010562 0.021194
1 0.489266 0.514861 0.025344 0.054389
