2 0.853438 0.264153 0.016188 0.042250
1 0.835156 0.436111 0.026562 0.122222
1 0.155469 0.465278 0.026562 0.125000
2 0.106094 0.311847 0.014875 0.028639
2 0.125781 0.445194 0.022125 0.055833
2 0.574578 0.284958 0.018250 0.029972
2 0.662883 0.233861 0.012391 0.028167
0 0.852359 0.235389 0.011531 0.014667
0 0.833391 0.387861 0.015094 0.025167
0 0.571398 0.264597 0.011547 0.016917
0 0.108094 0.283611 0.013250 0.016333
0 0.159570 0.415306 0.016984 0.023556
0 0.118625 0.412889 0.016656 0.024778
1 0.108594 0.312500 0.023438 0.075000
1 0.125000 0.465278 0.031250 0.108333
1 0.575406 0.296875 0.026844 0.086083
1 0.660781 0.241236 0.020563 0.065806
1 0.488078 0.134319 0.022625 0.078583
2 0.157586 0.450458 0.024953 0.058139
2 0.834227 0.423375 0.023547 0.050750
