0 0.636094 0.560736 0.021000 0.023861
1 0.633594 0.644444 0.032813 0.172222
0 0.445031 0.606639 0.022375 0.030000
0 0.493398 0.589194 0.028234 0.035500
1 0.492969 0.708333 0.054688 0.277778
0 0.687914 0.571764 0.017203 0.023861
0 0.709945 0.556764 0.022047 0.029361
0 0.670867 0.516375 0.016172 0.018361
1 0.602344 0.598611 0.035937 0.158333
2 0.601828 0.568236 0.038000 0.069028
2 0.636742 0.610472 0.029328 0.080056
2 0.667312 0.556111 0.031813 0.069778
2 0.691891 0.627361 0.030563 0.083000
2 0.706148 0.611931 0.021891 0.074194
1 0.265477 0.428556 0.054578 0.107833
2 0.501437 0.665181 0.042125 0.104306
2 0.450008 0.662972 0.049984 0.089611
1 0.664375 0.596681 0.038031 0.199194
1 0.445312 0.708056 0.040625 0.238333
1 0.690703 0.663611 0.034219 0.206111
