0 0.253578 0.271375 0.016938 0.021306
2 0.839289 0.181639 0.027266 0.045833
2 0.253078 0.310306 0.029750 0.058167
2 0.262719 0.454806 0.037219 0.093500
2 0.336852 0.444708 0.030734 0.094306
2 0.401531 0.316431 0.028313 0.070583
2 0.528211 0.328819 0.038672 0.065194
2 0.595883 0.312514 0.032234 0.094306
2 0.757000 0.430167 0.032219 0.077556
2 0.661813 0.480417 0.044125 0.089889
1 0.938281 0.105083 0.016562 0.107833
1 0.757930 0.160819 0.015422 0.102361
1 0.676203 0.158083 0.028781 0.067611
1 0.633539 0.146194 0.021578 0.084056
1 0.642273 0.056653 0.032891 0.076750
1 0.521492 0.112389 0.017484 0.082222
0 0.378125 0.304056 0.016531 0.033778
0 0.843094 0.150556 0.011969 0.019111
0 0.754273 0.377861 0.022734 0.033056
0 0.658641 0.423764 0.026438 0.030861
0 0.529742 0.289000 0.019016 0.022778
0 0.261828 0.390361 0.030156 0.033056
0 0.056516 0.659889 0.035125 0.044778
1 0.337500 0.338889 0.037500 0.111111
1 0.379688 0.363889 0.034375 0.150000
1 0.332813 0.491667 0.040625 0.222222
1 0.400781 0.337500 0.029687 0.141667
1 0.839844 0.198611 0.023438 0.113889
1 0.260156 0.462500 0.039062 0.280556
1 0.528906 0.368056 0.039062 0.180556
1 0.592969 0.343056 0.042188 0.186111
1 0.255469 0.330556 0.032813 0.138889
1 0.754687 0.448611 0.037500 0.175000
1 0.065625 0.790278 0.053125 0.302778
1 0.655469 0.520833 0.054688 0.236111
