1 0.512500 0.754167 0.040625 0.147222
1 0.609930 0.820542 0.029203 0.110861
1 0.436414 0.486236 0.015984 0.087139
2 0.501031 0.737944 0.027406 0.058500
2 0.519258 0.735875 0.017828 0.060917
2 0.609039 0.806528 0.026047 0.039000
2 0.625141 0.914347 0.030844 0.040194
2 0.416805 0.477583 0.015766 0.029222
2 0.434281 0.472708 0.016437 0.029250
1 0.500000 0.758333 0.031250 0.133333
1 0.624062 0.920417 0.036875 0.101944
1 0.418359 0.490167 0.019219 0.083000
0 0.504141 0.698583 0.008813 0.011278
0 0.520328 0.692958 0.010906 0.011750
0 0.609508 0.776056 0.008547 0.018611
0 0.627727 0.883847 0.017047 0.014806
0 0.593898 0.911389 0.012234 0.014111
0 0.418930 0.458875 0.007984 0.009306
0 0.431953 0.461917 0.005281 0.008167
