1 0.744531 0.713889 0.223438 0.566667
2 0.948266 0.525708 0.078125 0.169361
2 0.825937 0.530583 0.076063 0.152278
2 0.740953 0.730153 0.206281 0.301417
2 0.351672 0.810194 0.183031 0.326500
0 0.407547 0.562250 0.117875 0.120611
1 0.364844 0.734722 0.226562 0.491667
1 0.062500 0.805556 0.121875 0.366667
1 0.748437 0.525000 0.056250 0.172222
1 0.839063 0.530556 0.112500 0.216667
1 0.947656 0.493056 0.089063 0.269444
1 0.522938 0.684361 0.067187 0.311111
0 0.514805 0.561042 0.045922 0.054806
0 0.704977 0.480014 0.061672 0.075528
0 0.941414 0.388042 0.045234 0.057250
0 0.861914 0.459319 0.041109 0.077972
