1 0.500781 0.288889 0.120313 0.377778
1 0.965625 0.277778 0.068750 0.294444
1 0.753437 0.312361 0.150625 0.519722
1 0.660156 0.276389 0.089063 0.358333
2 0.829695 0.258361 0.045203 0.115278
1 0.300781 0.423611 0.179688 0.286111
1 0.761719 0.405556 0.129688 0.388889
1 0.617969 0.302778 0.057813 0.305556
1 0.833594 0.286111 0.045312 0.255556
0 0.256812 0.336208 0.063062 0.106806
0 0.489711 0.149486 0.043422 0.038194
0 0.479898 0.235208 0.023797 0.021139
0 0.604234 0.171222 0.030938 0.037000
0 0.638734 0.126278 0.041656 0.059222
0 0.763367 0.294431 0.071984 0.109972
0 0.769313 0.074986 0.035094 0.047583
0 0.832375 0.167514 0.029156 0.038083
0 0.974547 0.144778 0.031531 0.034889
1 0.474211 0.329861 0.083266 0.257667
2 0.313836 0.344486 0.103828 0.158972
2 0.476773 0.287833 0.080172 0.100500
2 0.512242 0.251278 0.112047 0.195556
2 0.968688 0.245153 0.062625 0.126917
2 0.611969 0.259431 0.046406 0.104694
2 0.663719 0.244097 0.096375 0.190361
2 0.750875 0.392681 0.158844 0.271806
2 0.767523 0.197028 0.075547 0.182944
