1 0.609375 0.422222 0.053125 0.222222
1 0.541406 0.255556 0.035937 0.183333
1 0.392188 0.230556 0.037500 0.166667
2 0.664172 0.049083 0.019375 0.039667
2 0.579430 0.064944 0.027266 0.044944
2 0.457695 0.030139 0.021859 0.037000
2 0.119875 0.355347 0.040156 0.089917
2 0.133258 0.236375 0.030234 0.059917
2 0.192008 0.222264 0.034703 0.074028
2 0.235133 0.317014 0.035703 0.085472
2 0.298336 0.285292 0.038172 0.080194
1 0.458219 0.044778 0.026844 0.089556
1 0.575977 0.074931 0.035984 0.109639
1 0.664328 0.066708 0.021687 0.118806
1 0.302023 0.307014 0.043172 0.164472
1 0.466492 0.284181 0.045234 0.148028
2 0.541250 0.231514 0.033219 0.081972
2 0.617102 0.389722 0.050078 0.077556
2 0.737320 0.323181 0.034703 0.083750
0 0.541125 0.177375 0.016812 0.022639
0 0.601398 0.330069 0.026516 0.033028
0 0.741000 0.269778 0.019969 0.026333
0 0.773875 0.225708 0.018250 0.026306
0 0.119852 0.293903 0.022953 0.026361
2 0.315172 0.376069 0.039219 0.099583
2 0.774469 0.284389 0.030781 0.089000
2 0.393023 0.208611 0.038172 0.089000
1 0.125000 0.384722 0.056250 0.202778
1 0.314063 0.406944 0.046875 0.202778
1 0.746094 0.045833 0.020313 0.086111
1 0.132812 0.255556 0.031250 0.133333
1 0.187500 0.248611 0.040625 0.136111
1 0.771875 0.295833 0.034375 0.169444
1 0.232813 0.344444 0.046875 0.194444
1 0.739062 0.356944 0.040625 0.180556
