1 0.608508 0.613861 0.015172 0.065500
1 0.648609 0.524194 0.016219 0.066111
1 0.571500 0.454736 0.016219 0.063028
1 0.480797 0.716986 0.021344 0.063639
1 0.471680 0.922639 0.027203 0.071000
1 0.423312 0.882847 0.029000 0.085694
1 0.159758 0.698639 0.023109 0.074667
1 0.269594 0.676597 0.021000 0.066083
1 0.413312 0.478000 0.015875 0.064278
1 0.395078 0.474931 0.017906 0.069139
1 0.593031 0.554500 0.014469 0.071611
1 0.298344 0.673542 0.020656 0.058750
1 0.318477 0.666486 0.014109 0.055694
1 0.571172 0.531861 0.015500 0.069167
1 0.546875 0.847222 0.018750 0.094444
1 0.470453 0.526653 0.017250 0.064861
1 0.332234 0.435764 0.017594 0.063028
1 0.291781 0.527264 0.020000 0.066083
1 0.362875 0.552667 0.015531 0.065500
1 0.405906 0.573778 0.016906 0.047722
1 0.442422 0.676292 0.020313 0.078972
1 0.398852 0.721583 0.015172 0.066722
1 0.341031 0.763806 0.022031 0.074056
1 0.353250 0.688833 0.023063 0.061222
