1 0.562500 0.393056 0.115625 0.263889
1 0.289844 0.322222 0.076563 0.327778
1 0.209375 0.301389 0.093750 0.486111
0 0.023703 0.145750 0.047406 0.057222
0 0.203945 0.088389 0.051828 0.034889
0 0.307906 0.194944 0.028250 0.034389
0 0.282336 0.169111 0.029984 0.033111
0 0.561102 0.297347 0.044984 0.086306
0 0.380852 0.158944 0.058547 0.010278
0 0.126305 0.254042 0.020922 0.025694
2 0.027656 0.272306 0.055313 0.171778
2 0.126742 0.323472 0.033922 0.098667
2 0.216695 0.220208 0.063734 0.169972
2 0.276320 0.266819 0.045234 0.135250
2 0.380656 0.278694 0.091500 0.177278
2 0.429484 0.285083 0.041125 0.120611
2 0.551820 0.362750 0.092516 0.206500
2 0.742500 0.328944 0.038031 0.087722
1 0.385937 0.320833 0.115625 0.402778
1 0.127344 0.355139 0.042188 0.232500
1 0.161719 0.352778 0.042188 0.227778
1 0.739922 0.365278 0.076719 0.147222
1 0.032031 0.343056 0.064062 0.436111
