1 0.493906 0.398889 0.016562 0.069444
0 0.120344 0.464917 0.010781 0.013056
0 0.437836 0.437222 0.008391 0.016667
1 0.644898 0.438208 0.017797 0.084528
1 0.125672 0.502389 0.025000 0.088889
1 0.416406 0.465278 0.017188 0.069444
1 0.438828 0.470389 0.020781 0.080333
1 0.207500 0.395972 0.021250 0.072500
1 0.897656 0.391667 0.023438 0.072222
1 0.328125 0.383333 0.028125 0.083333
1 0.420312 0.466667 0.015625 0.066667
2 0.643336 0.421944 0.013609 0.031278
1 0.438477 0.499014 0.019516 0.088750
2 0.122758 0.490333 0.020359 0.041833
