1 0.953906 0.491667 0.076563 0.266667
2 0.955461 0.537278 0.066484 0.158389
2 0.889313 0.308042 0.098687 0.206139
2 0.681680 0.709681 0.131578 0.286306
2 0.345195 0.811403 0.200109 0.360639
2 0.176609 0.658500 0.087719 0.174222
0 0.165641 0.518389 0.038375 0.049944
0 0.948266 0.388639 0.038375 0.048722
1 0.359375 0.745833 0.240625 0.508333
1 0.847656 0.545833 0.045312 0.163889
0 0.515492 0.553722 0.045922 0.054833
0 0.881094 0.140778 0.041938 0.059944
0 0.694695 0.494028 0.064422 0.098667
0 0.407555 0.556778 0.120609 0.121833
1 0.889844 0.373611 0.104688 0.536111
1 0.522656 0.694444 0.092188 0.338889
1 0.067187 0.793056 0.125000 0.391667
1 0.176563 0.709722 0.090625 0.463889
1 0.696094 0.719444 0.164062 0.550000
