1 0.021875 0.850000 0.043750 0.300000
2 0.648422 0.469528 0.029844 0.061722
2 0.017883 0.821472 0.035766 0.118778
2 0.744102 0.204319 0.012922 0.033139
2 0.725883 0.212722 0.011484 0.044889
0 0.642680 0.437750 0.019328 0.027333
0 0.237656 0.467708 0.025281 0.036139
0 0.011625 0.722819 0.023250 0.051194
2 0.628352 0.219736 0.017766 0.035250
2 0.453813 0.374708 0.038000 0.066083
2 0.357344 0.368472 0.026031 0.046278
2 0.311281 0.483403 0.035531 0.083750
2 0.193992 0.379458 0.026172 0.053917
2 0.238016 0.524889 0.035688 0.088833
1 0.194531 0.405556 0.035937 0.150000
1 0.648438 0.487500 0.043750 0.141667
1 0.314063 0.525000 0.040625 0.205556
1 0.453125 0.413889 0.037500 0.188889
1 0.322656 0.450000 0.042188 0.183333
1 0.398438 0.466667 0.037500 0.177778
1 0.238281 0.548611 0.042188 0.202778
1 0.728125 0.225000 0.015625 0.088889
1 0.742188 0.223611 0.021875 0.086111
1 0.626297 0.227528 0.023750 0.074944
1 0.357031 0.395833 0.032813 0.130556
1 0.057031 0.168056 0.017188 0.058333
