2 0.627195 0.542764 0.084297 0.110861
0 0.348273 0.610389 0.063734 0.082833
0 0.456211 0.453222 0.030141 0.039000
2 0.751578 0.581139 0.064406 0.085278
2 0.544609 0.802875 0.087719 0.153528
1 0.751234 0.609778 0.070594 0.264389
1 0.542766 0.837722 0.092094 0.324556
2 0.444906 0.556778 0.069219 0.131556
2 0.352391 0.754750 0.106219 0.169333
0 0.829703 0.600028 0.028781 0.047500
1 0.628906 0.554583 0.085938 0.268611
1 0.349500 0.726806 0.112500 0.323611
1 0.457031 0.586111 0.101562 0.305556
0 0.768711 0.512917 0.034266 0.041444
0 0.620688 0.456264 0.031531 0.059694
0 0.515836 0.698097 0.032891 0.043861
