2 0.663945 0.415097 0.049578 0.086361
2 0.667664 0.127347 0.026266 0.046694
2 0.450531 0.097819 0.020313 0.042306
1 0.450555 0.104167 0.025703 0.098667
1 0.349820 0.119708 0.025703 0.093194
1 0.592969 0.370833 0.064062 0.141667
1 0.078125 0.476389 0.040625 0.225000
1 0.260156 0.441667 0.035937 0.211111
1 0.670312 0.112500 0.056250 0.186111
1 0.050000 0.320833 0.031250 0.125000
1 0.222656 0.318056 0.029687 0.152778
1 0.155469 0.334722 0.042188 0.169444
1 0.194531 0.333333 0.029687 0.144444
1 0.392188 0.333333 0.056250 0.138889
1 0.328906 0.366667 0.045312 0.138889
0 0.587500 0.321764 0.021813 0.029972
0 0.147281 0.260958 0.021812 0.024694
2 0.074758 0.434486 0.039172 0.102250
2 0.148875 0.316389 0.032719 0.084611
2 0.259922 0.399236 0.036687 0.091639
1 0.573914 0.113306 0.023641 0.095056
1 0.743531 0.053903 0.029812 0.078583
1 0.477797 0.091375 0.018500 0.098694
0 0.658648 0.360111 0.023297 0.034389
1 0.657813 0.455556 0.062500 0.222222
2 0.221750 0.289069 0.029750 0.072250
2 0.329070 0.326542 0.035203 0.067861
2 0.397734 0.313750 0.040656 0.065222
