1 0.514844 0.666667 0.092188 0.288889
1 0.066406 0.797222 0.132812 0.394444
1 0.366406 0.734722 0.245312 0.525000
1 0.944531 0.490278 0.098437 0.269444
1 0.704688 0.705556 0.146875 0.561111
1 0.189844 0.695833 0.064062 0.436111
1 0.859375 0.554167 0.068750 0.136111
2 0.857805 0.581139 0.064422 0.063333
2 0.951687 0.514736 0.076750 0.162028
2 0.703602 0.672514 0.141172 0.214417
2 0.190312 0.630486 0.057563 0.154750
2 0.348273 0.784597 0.189828 0.319194
0 0.869797 0.506819 0.029469 0.038972
0 0.952375 0.380722 0.038375 0.049944
0 0.714578 0.467236 0.057562 0.076750
0 0.497672 0.542764 0.037688 0.037750
0 0.408922 0.539111 0.120625 0.123056
0 0.199906 0.505000 0.037000 0.047500
