0 0.502812 0.727958 0.042500 0.057250
1 0.437500 0.598611 0.090625 0.291667
2 0.438398 0.570181 0.082234 0.126694
2 0.610406 0.561653 0.078125 0.109639
1 0.748492 0.663375 0.076078 0.232694
1 0.527484 0.844306 0.095938 0.297278
0 0.613836 0.474528 0.035641 0.052389
2 0.356844 0.759625 0.098687 0.164472
2 0.532281 0.812625 0.079500 0.119417
2 0.746445 0.664597 0.063734 0.084083
0 0.345875 0.624389 0.052094 0.071889
1 0.359578 0.765722 0.100062 0.366722
1 0.608594 0.583333 0.085938 0.272222
0 0.439414 0.468444 0.033578 0.032889
0 0.751922 0.597597 0.030844 0.057250
