2 0.327305 0.217236 0.039266 0.075083
2 0.396617 0.231514 0.038672 0.071917
2 0.205352 0.186028 0.024984 0.078278
1 0.287500 0.123611 0.031250 0.102778
0 0.653469 0.200083 0.018937 0.027056
1 0.231898 0.233847 0.023984 0.188972
1 0.329977 0.254486 0.059109 0.156861
1 0.480469 0.048611 0.029687 0.091667
1 0.586719 0.368056 0.073438 0.225000
1 0.096875 0.347222 0.040625 0.216667
1 0.309375 0.331944 0.053125 0.202778
1 0.392969 0.244444 0.032813 0.133333
1 0.651563 0.273611 0.037500 0.180556
1 0.206250 0.216667 0.031250 0.150000
0 0.122867 0.147069 0.017203 0.026306
1 0.140547 0.230556 0.022031 0.172222
2 0.229148 0.199250 0.027359 0.066611
2 0.140211 0.208236 0.024391 0.065583
2 0.096195 0.310292 0.035109 0.098361
2 0.651531 0.248542 0.041125 0.084083
2 0.590883 0.336264 0.045234 0.098694
0 0.589641 0.274292 0.024969 0.029583
2 0.302922 0.297611 0.032125 0.094111
