1 0.415742 0.605514 0.015141 0.095028
2 0.411664 0.405097 0.015078 0.023139
2 0.532625 0.660931 0.029469 0.042639
2 0.435656 0.602472 0.017812 0.035333
2 0.414750 0.601250 0.013031 0.030444
2 0.344164 0.518389 0.017141 0.032889
1 0.344813 0.522611 0.019937 0.092722
1 0.504687 0.665278 0.021875 0.113889
1 0.435156 0.395833 0.017188 0.080556
1 0.535156 0.672222 0.035937 0.100000
0 0.347016 0.491778 0.009906 0.009389
0 0.529445 0.629264 0.009922 0.012694
0 0.505539 0.622792 0.009359 0.009806
1 0.434930 0.604292 0.019266 0.080417
2 0.503156 0.657889 0.017125 0.048722
1 0.411719 0.402778 0.020313 0.077778
