2 0.855750 0.623792 0.031531 0.063361
2 0.446961 0.610986 0.017141 0.062139
0 0.781977 0.565694 0.014547 0.016444
0 0.842008 0.579014 0.011734 0.016306
0 0.651461 0.593361 0.011234 0.014333
0 0.486992 0.564403 0.011484 0.012639
0 0.517938 0.542347 0.024250 0.032306
1 0.779687 0.626389 0.034375 0.147222
1 0.482812 0.612500 0.025000 0.113889
0 0.452570 0.572042 0.012172 0.016306
1 0.518750 0.680556 0.050000 0.311111
1 0.660156 0.648611 0.029687 0.130556
2 0.481906 0.603083 0.019875 0.051167
2 0.520633 0.635972 0.041109 0.116944
2 0.779680 0.602458 0.032891 0.057250
1 0.854719 0.638389 0.044531 0.146222
1 0.447984 0.611000 0.028781 0.103556
