1 0.451414 0.794958 0.091828 0.305806
2 0.682367 0.716986 0.063047 0.135250
2 0.774883 0.668250 0.042484 0.118167
0 0.688187 0.621347 0.028094 0.043861
1 0.074922 0.657222 0.149844 0.685556
1 0.177812 0.560556 0.102812 0.393333
2 0.074156 0.780333 0.145969 0.413000
2 0.176953 0.628056 0.087031 0.244889
0 0.427578 0.687958 0.031406 0.046694
0 0.074500 0.410569 0.146656 0.182750
1 0.681250 0.768056 0.071875 0.347222
1 0.773438 0.677778 0.046875 0.205556
2 0.446617 0.786431 0.079484 0.125472
0 0.783445 0.593319 0.022609 0.026806
0 0.161523 0.402056 0.054828 0.073111
