2 0.731164 0.287139 0.027266 0.072278
2 0.768102 0.246986 0.027766 0.080306
2 0.683578 0.165028 0.037188 0.071500
2 0.610203 0.123611 0.036188 0.057389
2 0.393695 0.127958 0.039891 0.099806
2 0.344492 0.189736 0.030234 0.067861
2 0.282281 0.204681 0.036688 0.090861
2 0.182664 0.130444 0.038734 0.073667
2 0.131820 0.141722 0.030234 0.059944
2 0.150156 0.253639 0.033219 0.098722
1 0.392969 0.143056 0.035937 0.158333
1 0.130469 0.155556 0.032813 0.116667
1 0.149219 0.288889 0.032813 0.222222
1 0.725781 0.326389 0.045312 0.225000
1 0.604688 0.161111 0.043750 0.166667
1 0.183594 0.156944 0.042188 0.141667
1 0.282734 0.222639 0.050781 0.188056
1 0.679688 0.190278 0.037500 0.163889
1 0.500367 0.347222 0.065891 0.226611
0 0.611242 0.084361 0.022953 0.024500
0 0.729297 0.229458 0.026688 0.033139
0 0.765016 0.187889 0.020656 0.030611
0 0.777062 0.139181 0.019500 0.021917
0 0.461773 0.069056 0.019516 0.027556
0 0.155664 0.189681 0.021797 0.029083
0 0.492039 0.248639 0.024984 0.029611
1 0.761719 0.269444 0.032813 0.188889
1 0.769531 0.248611 0.042188 0.219444
1 0.343594 0.214736 0.052531 0.151694
1 0.463617 0.140292 0.046266 0.168139
2 0.497180 0.317972 0.045109 0.091667
