2 0.427773 0.257069 0.023984 0.077972
2 0.382539 0.269250 0.017141 0.046278
2 0.404914 0.247875 0.013547 0.058750
0 0.381234 0.231944 0.010562 0.010611
0 0.430070 0.200181 0.014859 0.014083
0 0.408594 0.207556 0.013781 0.014278
1 0.382031 0.277778 0.020313 0.105556
1 0.775000 0.530556 0.225000 0.583333
1 0.426297 0.273611 0.031969 0.163889
1 0.520312 0.505000 0.221875 0.351111
1 0.406172 0.277222 0.020469 0.154444
1 0.727344 0.441667 0.114062 0.238889
0 0.790297 0.277181 0.067844 0.076750
0 0.716977 0.354528 0.044547 0.065778
0 0.561406 0.383222 0.052781 0.105889
2 0.476430 0.462347 0.114453 0.162028
2 0.758773 0.403264 0.045922 0.114528
2 0.832789 0.444681 0.093891 0.214417
