1 0.401383 0.490375 0.023297 0.088917
2 0.401391 0.483069 0.017812 0.025583
2 0.539133 0.606722 0.017828 0.036556
2 0.553523 0.604292 0.015078 0.041417
2 0.715258 0.766931 0.027422 0.047528
2 0.388023 0.785208 0.022609 0.059694
2 0.421258 0.788264 0.034266 0.060917
1 0.553867 0.620736 0.021234 0.108417
1 0.537766 0.614042 0.021938 0.116972
1 0.392477 0.807139 0.024672 0.154722
1 0.422289 0.795569 0.034953 0.124250
1 0.600000 0.312500 0.015625 0.063889
0 0.394336 0.742500 0.012672 0.013222
1 0.714844 0.772222 0.029687 0.105556
0 0.415461 0.745889 0.011578 0.015278
0 0.718820 0.728556 0.012891 0.015278
0 0.540031 0.573278 0.010313 0.013389
0 0.554289 0.575653 0.009359 0.009306
