1 0.267188 0.654167 0.084375 0.308333
0 0.258844 0.517181 0.030156 0.028028
0 0.157195 0.515167 0.023797 0.025389
0 0.593273 0.481847 0.043859 0.049972
2 0.262266 0.592111 0.067156 0.107222
2 0.598070 0.647542 0.091828 0.186417
1 0.903031 0.648153 0.060313 0.214417
2 0.903719 0.624403 0.052094 0.096250
1 0.773508 0.534236 0.045234 0.203472
2 0.774195 0.512917 0.037016 0.087722
0 0.480039 0.436014 0.016516 0.024694
0 0.368945 0.449889 0.016266 0.019722
0 0.709594 0.430139 0.013219 0.022889
0 0.776789 0.450347 0.018453 0.027417
0 0.755422 0.416750 0.010312 0.014111
0 0.381164 0.427625 0.014391 0.024361
1 0.481406 0.510139 0.049688 0.179722
1 0.170313 0.589722 0.056250 0.187222
1 0.602344 0.700000 0.114062 0.500000
1 0.272656 0.725000 0.095312 0.450000
