1 0.303047 0.487944 0.021250 0.086500
1 0.786531 0.531806 0.016437 0.081611
1 0.804469 0.540069 0.015500 0.084583
1 0.914539 0.592597 0.015859 0.075417
2 0.219438 0.789486 0.015750 0.063361
2 0.302359 0.478806 0.017125 0.039000
2 0.261930 0.450778 0.015766 0.031667
2 0.739586 0.478806 0.014391 0.031667
2 0.786531 0.516569 0.012344 0.029250
2 0.802633 0.522653 0.011641 0.024361
2 0.912625 0.585403 0.012344 0.025583
1 0.264797 0.462222 0.018844 0.093889
1 0.224219 0.809722 0.029687 0.141667
1 0.739844 0.495833 0.017188 0.091667
0 0.301852 0.449417 0.007172 0.006500
