1 0.225898 0.339917 0.059734 0.201000
2 0.756555 0.252333 0.038141 0.079333
1 0.334859 0.300625 0.035062 0.169972
1 0.388281 0.227778 0.035937 0.166667
1 0.142187 0.381944 0.040625 0.219444
1 0.434375 0.415278 0.068750 0.180556
1 0.569531 0.234722 0.039062 0.158333
1 0.616406 0.380556 0.039062 0.216667
1 0.715625 0.327778 0.043750 0.177778
1 0.168750 0.237500 0.037500 0.125000
1 0.119531 0.244444 0.029687 0.127778
1 0.443750 0.252778 0.031250 0.138889
0 0.613828 0.289736 0.022375 0.028750
0 0.573375 0.164264 0.022031 0.022639
0 0.445484 0.203750 0.017563 0.031833
0 0.722266 0.246278 0.021000 0.027556
0 0.761859 0.204056 0.021687 0.034889
0 0.218266 0.254861 0.027187 0.037333
0 0.144758 0.281167 0.029609 0.030000
0 0.118086 0.193653 0.015484 0.022639
0 0.170789 0.174361 0.016234 0.026944
2 0.617320 0.349639 0.034516 0.081444
2 0.677992 0.244944 0.040453 0.089889
2 0.572758 0.204208 0.036891 0.069806
2 0.141172 0.344875 0.035094 0.093083
2 0.120344 0.236472 0.035094 0.060278
2 0.174781 0.222722 0.030938 0.083556
1 0.675781 0.268056 0.051562 0.180556
1 0.757812 0.273611 0.040625 0.163889
2 0.219961 0.307806 0.045266 0.093167
2 0.333555 0.271375 0.038078 0.060306
2 0.390070 0.201528 0.035703 0.087889
2 0.577555 0.046236 0.012422 0.041694
1 0.576945 0.057472 0.015516 0.108000
