1 0.404687 0.354167 0.100000 0.375000
1 0.525781 0.351389 0.085938 0.475000
1 0.670312 0.340278 0.075000 0.430556
2 0.539086 0.281444 0.061672 0.191889
1 0.598437 0.355556 0.081250 0.400000
2 0.382320 0.306569 0.035984 0.105083
2 0.632891 0.278389 0.053969 0.140111
0 0.587914 0.183611 0.036766 0.042611
0 0.627563 0.183250 0.030156 0.030111
0 0.670117 0.152028 0.053297 0.055833
0 0.775258 0.291194 0.026453 0.040389
0 0.816398 0.110931 0.055016 0.051472
0 0.893430 0.289736 0.025641 0.049194
0 0.795516 0.372806 0.023906 0.073167
2 0.417008 0.276861 0.077953 0.176667
2 0.264953 0.298194 0.049688 0.161444
1 0.275000 0.361111 0.075000 0.405556
1 0.832812 0.313889 0.096875 0.466667
2 0.748109 0.383472 0.068531 0.091389
2 0.743828 0.346153 0.059969 0.108139
2 0.829484 0.250222 0.090812 0.184278
0 0.525734 0.139542 0.043781 0.054361
0 0.459430 0.250444 0.024359 0.026444
0 0.433398 0.186542 0.030984 0.052861
0 0.293977 0.185806 0.042141 0.060222
2 0.680859 0.295903 0.071094 0.175139
1 0.885938 0.358333 0.059375 0.194444
1 0.638828 0.345694 0.055781 0.363611
1 0.464062 0.373611 0.043750 0.275000
1 0.754687 0.411111 0.090625 0.244444
2 0.595625 0.292097 0.047969 0.158361
