1 0.977344 0.252778 0.039062 0.233333
0 0.683234 0.106917 0.022375 0.029389
1 0.277344 0.187500 0.035937 0.147222
2 0.027141 0.614042 0.054281 0.127917
2 0.332859 0.301542 0.039062 0.113306
1 0.684781 0.199514 0.026562 0.200694
1 0.423438 0.177778 0.037500 0.172222
1 0.423438 0.220833 0.043750 0.236111
2 0.974789 0.212611 0.030984 0.096222
2 0.280430 0.166306 0.032891 0.051167
2 0.376602 0.168181 0.027672 0.061694
2 0.418742 0.263292 0.038422 0.085917
0 0.329500 0.236972 0.024781 0.026333
0 0.277000 0.127431 0.016188 0.017750
0 0.018250 0.531806 0.033000 0.051167
2 0.684578 0.165986 0.028094 0.082250
1 0.420312 0.293056 0.040625 0.219444
1 0.726562 0.043056 0.028125 0.086111
1 0.375781 0.187500 0.032813 0.152778
1 0.032813 0.645833 0.062500 0.275000
1 0.336719 0.326389 0.057813 0.213889
1 0.778125 0.045833 0.028125 0.091667
