2 0.510180 0.232097 0.066828 0.116972
2 0.755359 0.104167 0.069906 0.190056
2 0.150906 0.275042 0.102812 0.140694
2 0.037422 0.307931 0.074844 0.250361
1 0.737719 0.231181 0.115437 0.462361
1 0.342492 0.425806 0.251578 0.328944
1 0.511211 0.264069 0.103828 0.235750
0 0.530594 0.385319 0.062469 0.138361
0 0.445570 0.309514 0.037172 0.074917
0 0.695430 0.256639 0.053047 0.053778
0 0.550172 0.194944 0.028250 0.053778
0 0.035594 0.072111 0.071188 0.144222
0 0.212484 0.266056 0.036062 0.073111
1 0.162500 0.344444 0.168750 0.266667
1 0.041406 0.311111 0.082812 0.538889
1 0.448437 0.513889 0.303125 0.394444
1 0.712500 0.291667 0.171875 0.538889
1 0.342187 0.563889 0.290625 0.438889
2 0.437195 0.430389 0.214859 0.210167
2 0.376039 0.339917 0.141859 0.142556
2 0.695219 0.315250 0.155219 0.140722
