1 0.188281 0.520833 0.085938 0.469444
2 0.067133 0.485208 0.083266 0.232083
2 0.189406 0.510708 0.079250 0.257861
2 0.008117 0.454139 0.016234 0.140722
2 0.313320 0.480639 0.043172 0.160833
1 0.071094 0.559722 0.085938 0.463889
1 0.432812 0.437500 0.040625 0.186111
1 0.143750 0.616667 0.128125 0.722222
0 0.434898 0.346194 0.029266 0.028556
0 0.346219 0.404792 0.032906 0.056639
0 0.165766 0.314333 0.071031 0.084056
0 0.127266 0.282347 0.098688 0.118806
1 0.317188 0.540278 0.062500 0.319444
1 0.092188 0.581944 0.109375 0.602778
2 0.432570 0.423069 0.057578 0.111472
2 0.148336 0.572917 0.124391 0.363667
