0 0.058313 0.330764 0.014156 0.016361
0 0.670523 0.215417 0.010609 0.013000
0 0.823766 0.258583 0.012500 0.020556
0 0.073766 0.482000 0.020063 0.023500
1 0.826281 0.313375 0.028781 0.126028
1 0.443883 0.147125 0.022609 0.078583
2 0.828680 0.299819 0.027266 0.061694
2 0.669305 0.237250 0.012891 0.033500
2 0.249164 0.191431 0.009422 0.028194
2 0.053586 0.358431 0.019828 0.043194
2 0.079117 0.522806 0.023297 0.052889
1 0.074047 0.540028 0.046875 0.138889
1 0.060937 0.362500 0.031250 0.086111
1 0.668750 0.247222 0.012500 0.061111
