1 0.273438 0.440278 0.028125 0.147222
1 0.303125 0.422222 0.034375 0.144444
1 0.231250 0.431944 0.034375 0.152778
1 0.148438 0.566667 0.034375 0.211111
1 0.376414 0.463917 0.039047 0.164389
1 0.803125 0.643056 0.056250 0.236111
1 0.650781 0.519444 0.051562 0.172222
1 0.475312 0.221833 0.016656 0.090000
1 0.456578 0.209194 0.019625 0.085667
1 0.429813 0.205486 0.017250 0.090972
0 0.758227 0.290792 0.011953 0.016139
0 0.803844 0.545458 0.028094 0.032306
0 0.656117 0.451028 0.018891 0.024667
0 0.156328 0.458208 0.032281 0.025083
1 0.537781 0.250431 0.026187 0.100472
1 0.579727 0.262069 0.025578 0.072972
1 0.660336 0.274236 0.023797 0.101528
2 0.757328 0.315667 0.026437 0.047000
0 0.309523 0.358792 0.016922 0.026528
2 0.483453 0.448653 0.040094 0.085917
2 0.156031 0.522556 0.024375 0.096222
2 0.803617 0.609014 0.045391 0.097472
2 0.145289 0.373097 0.025203 0.064639
2 0.233289 0.412389 0.029328 0.069778
2 0.376852 0.440667 0.028922 0.080778
2 0.303516 0.403944 0.022719 0.057278
2 0.658180 0.495375 0.038828 0.081528
0 0.230195 0.370778 0.020078 0.028056
0 0.660438 0.235972 0.012438 0.013611
1 0.523547 0.167014 0.020656 0.065361
1 0.145703 0.408083 0.037969 0.169944
1 0.293328 0.410681 0.027125 0.163694
1 0.382023 0.546111 0.047203 0.220833
1 0.755469 0.341667 0.023438 0.122222
1 0.481250 0.468056 0.040625 0.147222
