1 0.473438 0.295833 0.037500 0.125000
1 0.217969 0.327778 0.079687 0.250000
1 0.237500 0.348611 0.043750 0.197222
1 0.403516 0.252778 0.035156 0.177778
1 0.775781 0.327778 0.032813 0.155556
1 0.152344 0.381944 0.054688 0.230556
2 0.353867 0.296208 0.035453 0.055694
2 0.666102 0.041000 0.021734 0.045889
2 0.777648 0.298667 0.033422 0.071611
2 0.747195 0.343042 0.022734 0.075917
2 0.602555 0.415222 0.048484 0.067833
2 0.475891 0.289486 0.029250 0.064250
2 0.404164 0.219875 0.028109 0.077028
2 0.421953 0.233375 0.025250 0.069361
2 0.302727 0.375181 0.037641 0.100972
2 0.162039 0.356806 0.028109 0.087722
2 0.192586 0.235431 0.030703 0.067306
2 0.140805 0.245111 0.025234 0.062222
2 0.241836 0.323375 0.048422 0.087917
1 0.357992 0.326125 0.054578 0.184750
1 0.141016 0.274139 0.038281 0.157167
1 0.194625 0.261375 0.052375 0.164417
1 0.662836 0.060306 0.030828 0.102333
1 0.751242 0.067611 0.028797 0.102333
1 0.593445 0.100514 0.031859 0.109639
1 0.462328 0.056569 0.028875 0.102528
1 0.551297 0.265014 0.052406 0.190028
0 0.746984 0.290958 0.023062 0.028750
0 0.779172 0.249042 0.022719 0.025694
0 0.554375 0.194569 0.019969 0.025694
0 0.582602 0.370222 0.025484 0.030611
0 0.307703 0.320028 0.021687 0.031833
0 0.366234 0.259431 0.019625 0.025694
0 0.476742 0.249958 0.013422 0.026306
0 0.167422 0.297694 0.021344 0.028778
0 0.138289 0.205569 0.017484 0.015917
1 0.307812 0.413889 0.046875 0.205556
1 0.603906 0.445833 0.073438 0.191667
1 0.744531 0.372222 0.042188 0.194444
