2 0.657695 0.137069 0.113078 0.255861
2 0.851984 0.198278 0.049344 0.118778
2 0.781562 0.364583 0.204562 0.429444
0 0.616555 0.112986 0.030734 0.044972
0 0.063531 0.273208 0.076063 0.148028
0 0.774836 0.226514 0.117297 0.186583
1 0.746875 0.084722 0.112500 0.163889
1 0.496094 0.229167 0.110937 0.452778
1 0.647656 0.241667 0.104688 0.483333
2 0.169930 0.312500 0.142891 0.197389
2 0.504016 0.148944 0.103813 0.272278
2 0.619664 0.197375 0.045234 0.109639
1 0.846875 0.225000 0.050000 0.227778
1 0.146875 0.406944 0.265625 0.419444
1 0.767188 0.425000 0.221875 0.594444
2 0.761008 0.116958 0.077109 0.197361
