1 0.314555 0.466750 0.034203 0.095167
2 0.272320 0.545014 0.024672 0.057139
2 0.184102 0.315250 0.015203 0.034167
0 0.189891 0.399722 0.011656 0.015889
0 0.116531 0.406833 0.009937 0.012000
0 0.031406 0.449000 0.011437 0.017000
0 0.307312 0.497486 0.017500 0.018361
0 0.284508 0.514819 0.013203 0.016306
1 0.307031 0.550694 0.029687 0.131944
1 0.094531 0.452778 0.023438 0.100000
1 0.189062 0.441667 0.025000 0.083333
1 0.117969 0.447222 0.023438 0.088889
1 0.032813 0.494444 0.018750 0.105556
1 0.277188 0.553472 0.041875 0.109722
