1 0.367805 0.571389 0.027422 0.170556
1 0.489063 0.500000 0.021875 0.122222
1 0.421875 0.677778 0.056250 0.272222
2 0.488758 0.482458 0.023984 0.056028
1 0.438055 0.531806 0.023984 0.157167
1 0.341422 0.543958 0.024000 0.152361
1 0.333539 0.659069 0.043859 0.236472
2 0.331484 0.619514 0.039750 0.074306
2 0.341766 0.527528 0.020562 0.048722
2 0.367117 0.546431 0.021922 0.059694
2 0.438391 0.517181 0.020562 0.054806
2 0.421266 0.635972 0.049344 0.090167
0 0.421609 0.565903 0.019875 0.025583
0 0.438391 0.471486 0.020562 0.024361
0 0.367242 0.497847 0.019047 0.016917
0 0.342109 0.484889 0.021250 0.021944
0 0.327031 0.557736 0.021250 0.018972
