1 0.709375 0.097222 0.031250 0.127778
1 0.664844 0.261111 0.026562 0.183333
1 0.757352 0.136056 0.037109 0.108000
1 0.586203 0.050167 0.023750 0.097056
1 0.365242 0.262236 0.048297 0.148028
1 0.016344 0.714458 0.032688 0.314528
0 0.313266 0.309194 0.030563 0.030111
0 0.005914 0.588375 0.010391 0.047694
0 0.982352 0.235542 0.024266 0.026639
0 0.585523 0.011889 0.011953 0.020667
0 0.712531 0.043653 0.016156 0.017694
0 0.757992 0.100986 0.014453 0.019083
0 0.664008 0.188389 0.021484 0.023500
0 0.261008 0.188750 0.017766 0.019833
0 0.420063 0.112361 0.015281 0.019833
0 0.358508 0.209681 0.017766 0.023528
0 0.405391 0.266972 0.029750 0.026444
2 0.985531 0.299569 0.028500 0.094750
2 0.667648 0.240444 0.027266 0.076389
2 0.402414 0.325278 0.027266 0.085944
2 0.420180 0.149764 0.023141 0.055083
2 0.364414 0.244486 0.029734 0.055083
2 0.262781 0.229806 0.024781 0.052167
2 0.011203 0.662472 0.022406 0.100500
2 0.313789 0.363681 0.036078 0.095028
1 0.420312 0.162500 0.025000 0.125000
1 0.982031 0.343056 0.035937 0.230556
1 0.262500 0.255556 0.034375 0.155556
1 0.318750 0.379167 0.056250 0.225000
1 0.404687 0.369444 0.037500 0.205556
