1 0.546094 0.047222 0.014063 0.055556
2 0.285430 0.246639 0.014109 0.030611
2 0.800555 0.280125 0.023422 0.051417
0 0.283687 0.225306 0.009438 0.010833
0 0.073188 0.515806 0.019469 0.024833
1 0.798438 0.281944 0.025000 0.102778
2 0.074117 0.557806 0.031391 0.066833
1 0.973437 0.451389 0.025000 0.113889
1 0.069531 0.563889 0.042188 0.133333
2 0.109344 0.307847 0.020656 0.031806
2 0.663367 0.236667 0.016172 0.028167
0 0.973000 0.399569 0.014750 0.018639
0 0.798195 0.242083 0.010422 0.014333
1 0.485938 0.140000 0.021875 0.080000
1 0.110156 0.313889 0.026562 0.072222
