1 0.182719 0.422153 0.035062 0.109639
1 0.664062 0.494444 0.025000 0.122222
1 0.131250 0.297222 0.031250 0.072222
1 0.483594 0.130556 0.017188 0.066667
1 0.792188 0.438889 0.018750 0.127778
2 0.146992 0.411278 0.028922 0.047000
2 0.182102 0.413111 0.032234 0.037444
2 0.129219 0.289736 0.022313 0.031583
2 0.665367 0.480986 0.021891 0.058750
2 0.792406 0.424806 0.024781 0.053611
0 0.138125 0.379306 0.015281 0.018722
0 0.181445 0.383833 0.014266 0.020556
0 0.661914 0.445000 0.012172 0.021167
0 0.796414 0.386361 0.012734 0.017611
1 0.148336 0.425806 0.031859 0.116944
