2 0.513789 0.895847 0.019234 0.052528
2 0.365945 0.812389 0.014109 0.032722
2 0.337141 0.657667 0.008125 0.013167
1 0.434117 0.657653 0.012047 0.045972
1 0.592828 0.724083 0.016875 0.067333
1 0.620367 0.720083 0.014797 0.076556
2 0.316820 0.653431 0.008609 0.016583
2 0.246172 0.732694 0.015531 0.028889
2 0.433961 0.646403 0.008609 0.023806
2 0.210062 0.733250 0.011562 0.029444
0 0.330133 0.741750 0.009797 0.013556
1 0.635859 0.711236 0.014125 0.058750
2 0.340250 0.786250 0.014344 0.037389
2 0.329484 0.761167 0.014344 0.030611
1 0.402344 0.787500 0.020313 0.080556
1 0.246875 0.733333 0.018750 0.072222
1 0.207813 0.741667 0.018750 0.066667
1 0.328125 0.780556 0.015625 0.088889
1 0.094531 0.641667 0.007812 0.038889
1 0.242188 0.718056 0.028125 0.108333
1 0.362500 0.825000 0.018750 0.083333
1 0.609375 0.723611 0.012500 0.063889
2 0.634672 0.702806 0.012187 0.024222
2 0.621273 0.710250 0.011234 0.028889
2 0.592953 0.712167 0.011000 0.032722
