0 0.535273 0.432389 0.017203 0.025500
0 0.643375 0.571597 0.023188 0.032306
0 0.432391 0.408403 0.018656 0.022972
0 0.284758 0.377375 0.017453 0.018694
0 0.283109 0.497486 0.027969 0.030694
0 0.069539 0.748667 0.038672 0.046556
2 0.071234 0.840653 0.058594 0.142528
2 0.281289 0.568750 0.036766 0.104278
2 0.284594 0.416722 0.031812 0.070500
2 0.364531 0.469597 0.029750 0.079306
1 0.345211 0.608319 0.041141 0.234417
1 0.661813 0.298806 0.020562 0.104167
1 0.701898 0.314333 0.026734 0.084056
1 0.786187 0.323472 0.020563 0.106000
1 0.663352 0.217472 0.021578 0.073111
1 0.605273 0.241222 0.026734 0.084056
1 0.552328 0.254944 0.027750 0.085889
1 0.965570 0.275042 0.023641 0.093194
2 0.340992 0.565444 0.031391 0.085944
2 0.428984 0.448306 0.023125 0.066111
2 0.530398 0.476583 0.030984 0.063889
2 0.615305 0.456375 0.033047 0.082250
2 0.646492 0.632639 0.036766 0.082278
2 0.746875 0.533125 0.035125 0.063917
2 0.875563 0.370069 0.029750 0.041861
1 0.071875 0.859722 0.053125 0.275000
1 0.887500 0.294444 0.065625 0.100000
1 0.401562 0.490278 0.028125 0.152778
1 0.615625 0.463889 0.037500 0.133333
1 0.364375 0.486944 0.033750 0.179444
1 0.427344 0.469444 0.029687 0.161111
1 0.276562 0.600000 0.037500 0.227778
1 0.282813 0.440278 0.031250 0.141667
1 0.733594 0.562500 0.057813 0.163889
1 0.873437 0.397222 0.028125 0.127778
1 0.640625 0.677778 0.043750 0.233333
1 0.531188 0.488056 0.049562 0.142778
0 0.362430 0.413847 0.020078 0.025917
0 0.785758 0.282639 0.011953 0.014444
0 0.878398 0.344042 0.014578 0.022528
0 0.735969 0.495736 0.022719 0.028639
