1 0.475000 0.483333 0.231250 0.422222
2 0.073398 0.275042 0.146797 0.374639
2 0.195625 0.255847 0.116156 0.288750
2 0.270148 0.311583 0.104859 0.159000
2 0.523547 0.347264 0.112063 0.124361
2 0.564148 0.456875 0.172703 0.219306
2 0.591391 0.244889 0.056531 0.073111
2 0.796477 0.138903 0.063734 0.182750
2 0.937305 0.145292 0.117203 0.195528
2 0.959922 0.598514 0.078125 0.338083
1 0.251594 0.377389 0.191313 0.261333
0 0.325453 0.310139 0.043125 0.075778
0 0.250625 0.089556 0.068875 0.089556
0 0.585227 0.321764 0.038828 0.082250
0 0.666953 0.380111 0.057562 0.120611
0 0.773805 0.025486 0.049453 0.047694
0 0.916742 0.041125 0.063734 0.078583
0 0.921367 0.427639 0.075047 0.116944
1 0.207031 0.322222 0.142187 0.555556
1 0.569531 0.509722 0.248438 0.380556
1 0.939063 0.209722 0.121875 0.413889
1 0.601562 0.284722 0.075000 0.152778
1 0.110937 0.377778 0.221875 0.755556
1 0.935937 0.595833 0.125000 0.447222
1 0.784375 0.215278 0.100000 0.419444
