1 0.683594 0.931944 0.035937 0.130556
1 0.688281 0.811111 0.026562 0.138889
1 0.652344 0.925000 0.039062 0.138889
0 0.483430 0.630625 0.008547 0.009806
0 0.367703 0.653292 0.008531 0.011250
0 0.688438 0.760583 0.012688 0.013333
0 0.714023 0.860042 0.017516 0.019972
0 0.687422 0.880542 0.012563 0.017028
2 0.687852 0.799833 0.024672 0.047500
0 0.655531 0.869611 0.015469 0.017611
2 0.482250 0.672514 0.020563 0.060917
2 0.686477 0.927750 0.026047 0.071889
2 0.652898 0.918625 0.032891 0.065806
2 0.715938 0.911306 0.019187 0.073111
1 0.367023 0.693722 0.025484 0.106722
2 0.365406 0.687139 0.026719 0.048722
1 0.482031 0.691250 0.023438 0.134167
1 0.715625 0.922222 0.025000 0.150000
