0 0.564148 0.116333 0.019828 0.022778
0 0.155172 0.219153 0.026438 0.033028
1 0.558500 0.195542 0.040094 0.175417
0 0.655250 0.273139 0.026844 0.027889
2 0.774367 0.312514 0.035984 0.095028
1 0.507125 0.215778 0.027688 0.153222
1 0.431031 0.183667 0.029812 0.144389
0 0.435672 0.115611 0.022313 0.030111
1 0.767969 0.338889 0.045312 0.194444
2 0.665922 0.323472 0.047281 0.073111
2 0.560039 0.158083 0.034953 0.067611
2 0.442336 0.179097 0.035984 0.076750
2 0.371922 0.196458 0.039062 0.056639
2 0.328750 0.275042 0.041125 0.093194
2 0.281461 0.222958 0.041109 0.080417
2 0.189969 0.176361 0.032906 0.071278
2 0.149359 0.276861 0.040094 0.085889
2 0.165742 0.180917 0.023516 0.051167
1 0.150781 0.313889 0.042188 0.216667
1 0.281250 0.258333 0.040625 0.161111
1 0.447531 0.218556 0.045312 0.163889
1 0.164844 0.193056 0.029687 0.130556
2 0.260266 0.152556 0.026187 0.046000
1 0.188281 0.194444 0.029687 0.161111
1 0.376250 0.239306 0.036875 0.182500
1 0.657813 0.369444 0.075000 0.222222
1 0.321875 0.312500 0.043750 0.225000
0 0.775672 0.253306 0.024781 0.032333
