2 0.484930 0.243417 0.026422 0.045667
2 0.023484 0.714889 0.046969 0.138333
2 0.068391 0.659042 0.055688 0.133250
2 0.119750 0.674917 0.052906 0.114222
2 0.128711 0.561319 0.043547 0.087583
2 0.110148 0.558792 0.029266 0.085028
2 0.165797 0.557514 0.035062 0.090083
2 0.220445 0.487083 0.048547 0.099000
2 0.547836 0.330736 0.030984 0.064861
1 0.221094 0.516667 0.045312 0.216667
1 0.032813 0.737500 0.065625 0.263889
1 0.160156 0.588889 0.032813 0.183333
1 0.548727 0.355875 0.034953 0.167139
1 0.484484 0.272306 0.035969 0.135222
1 0.132398 0.593028 0.047297 0.191889
1 0.070164 0.683389 0.056641 0.248722
1 0.034797 0.737403 0.069594 0.275972
1 0.119039 0.712722 0.065797 0.266833
0 0.020867 0.623181 0.031859 0.036528
0 0.063617 0.586222 0.030578 0.034500
0 0.104930 0.615236 0.028922 0.041139
0 0.132406 0.502875 0.021906 0.024972
0 0.218539 0.418778 0.023141 0.030111
