2 0.284242 0.341917 0.036297 0.090944
2 0.337477 0.209722 0.026172 0.063444
2 0.633437 0.248861 0.035094 0.086722
2 0.769969 0.041569 0.019031 0.046528
1 0.633484 0.241236 0.034031 0.179083
2 0.053766 0.631403 0.058594 0.122417
0 0.081516 0.549153 0.038031 0.060306
0 0.284758 0.283278 0.027266 0.030111
0 0.242211 0.161722 0.015703 0.023500
0 0.637562 0.169792 0.019000 0.027917
0 0.691477 0.210931 0.019422 0.027917
0 0.805086 0.221958 0.021078 0.024972
0 0.341563 0.163931 0.016938 0.027917
1 0.676148 0.058389 0.026828 0.084222
1 0.772250 0.063056 0.029875 0.118778
1 0.485156 0.106944 0.026562 0.108333
1 0.247656 0.222222 0.051562 0.144444
1 0.056250 0.676389 0.078125 0.297222
1 0.287500 0.375000 0.056250 0.211111
1 0.689063 0.294444 0.040625 0.177778
1 0.635078 0.058472 0.030844 0.073111
1 0.809781 0.303278 0.053562 0.201222
1 0.370844 0.246708 0.039156 0.146194
1 0.789086 0.063056 0.022453 0.100500
1 0.632031 0.277639 0.032813 0.183611
1 0.394383 0.341750 0.041266 0.225556
1 0.337500 0.236111 0.031250 0.150000
