0 0.226359 0.222778 0.013781 0.024000
2 0.304953 0.273139 0.024094 0.062833
2 0.206602 0.284347 0.045891 0.089361
2 0.174992 0.282264 0.022859 0.069028
2 0.273695 0.301194 0.043797 0.110000
2 0.154359 0.294014 0.029594 0.077472
2 0.436445 0.259514 0.021484 0.038194
0 0.432094 0.231681 0.009094 0.014694
0 0.300516 0.224778 0.015844 0.013889
0 0.274680 0.226819 0.019516 0.026194
0 0.194852 0.221139 0.013766 0.016333
0 0.173906 0.233972 0.016250 0.020056
2 0.520414 0.249514 0.017891 0.045528
2 0.321133 0.253347 0.012891 0.038194
1 0.304688 0.301111 0.028125 0.170000
1 0.276562 0.330972 0.050000 0.238056
1 0.156797 0.311111 0.032344 0.172222
1 0.206250 0.303194 0.050000 0.188056
1 0.514062 0.276389 0.034375 0.125000
1 0.322813 0.261569 0.014688 0.071861
1 0.435906 0.269750 0.023438 0.095000
1 0.177641 0.313306 0.032813 0.180556
