1 0.557813 0.250000 0.043750 0.183333
1 0.672656 0.063889 0.023438 0.100000
2 0.244398 0.291722 0.036359 0.084444
2 0.140500 0.224139 0.035937 0.053611
2 0.122117 0.319625 0.031391 0.093250
1 0.346094 0.376389 0.054688 0.152778
1 0.139844 0.237500 0.035937 0.141667
1 0.300781 0.348611 0.039062 0.213889
1 0.244531 0.330556 0.042188 0.194444
1 0.414062 0.265903 0.047281 0.133417
1 0.354961 0.264278 0.044203 0.138889
1 0.239312 0.208333 0.061688 0.146222
1 0.588305 0.053000 0.031859 0.102333
0 0.672352 0.191458 0.023547 0.028639
0 0.624422 0.300903 0.024375 0.031583
0 0.754977 0.282903 0.023547 0.026417
2 0.408820 0.252431 0.042141 0.058750
2 0.593492 0.038347 0.021484 0.041861
2 0.759148 0.026958 0.023953 0.042583
2 0.674250 0.048986 0.024375 0.052861
2 0.752945 0.341292 0.036359 0.082250
2 0.634594 0.362958 0.041719 0.071250
2 0.559820 0.230389 0.029328 0.080778
2 0.354086 0.249486 0.040078 0.071972
2 0.338797 0.340931 0.046688 0.065361
2 0.301617 0.319986 0.034297 0.092528
1 0.479344 0.267722 0.042156 0.155333
1 0.664062 0.262500 0.050000 0.169444
1 0.123438 0.358333 0.040625 0.216667
1 0.625781 0.386111 0.045312 0.216667
1 0.747656 0.370833 0.045312 0.197222
1 0.761719 0.043056 0.023438 0.086111
