1 0.345781 0.496667 0.024375 0.095000
0 0.419195 0.626333 0.008609 0.013278
0 0.448281 0.650292 0.009406 0.010194
0 0.432453 0.640222 0.008812 0.013722
1 0.413734 0.681056 0.021875 0.129556
1 0.487500 0.712639 0.028125 0.113611
1 0.444219 0.695833 0.020937 0.108333
1 0.514813 0.726028 0.023500 0.120722
1 0.578625 0.669444 0.021875 0.116667
2 0.578523 0.660000 0.020422 0.040389
2 0.444375 0.678222 0.017063 0.045056
2 0.431523 0.675069 0.013078 0.049361
2 0.413719 0.663986 0.019188 0.056028
2 0.346414 0.498625 0.018734 0.041639
1 0.431758 0.678181 0.015703 0.095472
