1 0.555469 0.243056 0.110937 0.219444
1 0.040625 0.241667 0.078125 0.344444
1 0.887500 0.256944 0.146875 0.391667
1 0.554688 0.527778 0.218750 0.372222
1 0.920312 0.572222 0.156250 0.455556
1 0.735938 0.200000 0.106250 0.400000
1 0.211719 0.375000 0.226562 0.505556
2 0.550789 0.434028 0.185047 0.221111
2 0.573398 0.195542 0.065797 0.116972
2 0.184313 0.179097 0.070937 0.113306
2 0.896695 0.243069 0.130547 0.219306
2 0.931133 0.574750 0.131578 0.345389
2 0.748672 0.130667 0.073000 0.177278
0 0.032328 0.087250 0.038875 0.036000
2 0.038805 0.194542 0.059734 0.151861
2 0.190477 0.315250 0.171672 0.261333
2 0.482430 0.320722 0.132609 0.140722
1 0.175016 0.300625 0.177937 0.411194
0 0.224570 0.129111 0.040891 0.069778
0 0.226859 0.201750 0.067844 0.100889
0 0.559500 0.330986 0.030938 0.062917
0 0.597078 0.165764 0.030563 0.058750
0 0.890531 0.392917 0.077094 0.087722
0 0.887961 0.105986 0.074016 0.095028
0 0.647414 0.392917 0.047297 0.138889
1 0.456250 0.384722 0.178125 0.236111
