1 0.017844 0.464500 0.035687 0.120556
1 0.300094 0.452597 0.022719 0.096083
1 0.291227 0.586403 0.033922 0.128361
1 0.282945 0.661458 0.036078 0.150028
0 0.253172 0.580625 0.015437 0.016250
0 0.280813 0.600847 0.012938 0.020083
0 0.295758 0.490750 0.012953 0.017722
0 0.045266 0.496000 0.012156 0.016667
0 0.314094 0.327181 0.011469 0.012750
0 0.329508 0.397528 0.012672 0.015722
1 0.255000 0.646611 0.035000 0.147889
1 0.296828 0.543792 0.027187 0.121806
1 0.319367 0.370986 0.034703 0.095028
1 0.055859 0.525972 0.035156 0.086944
1 0.074219 0.459722 0.020313 0.097222
1 0.325781 0.444444 0.023438 0.105556
2 0.328344 0.427111 0.019125 0.042500
2 0.073727 0.443889 0.013859 0.038667
